channel     1                                                         
ecdm = 1.05 :        0.000e+00 0.000e+00 0.000e+00 0.000e+00 0.000e+00
 0.000e+00 0.000e+00 0.000e+00 0.000e+00 0.000e+00 0.000e+00 0.000e+00
 0.000e+00 0.000e+00 0.000e+00 0.000e+00 0.000e+00 0.000e+00 0.000e+00
ecdm = 1.10 :         4.34      4.34      4.34      4.34      4.34    
  4.34      4.34      4.34      4.34      4.34      4.34      4.34    
  4.34      4.34      4.34      4.34      4.34      4.34      4.34    
ecdm = 1.15 :         11.6      11.6      11.6      11.6      11.6    
  11.6      11.6      11.6      11.6      11.6      11.6      11.6    
  11.6      11.6      11.6      11.6      11.6      11.6      11.6    
ecdm = 1.20 :         8.57      8.20      8.10      9.33      11.7    
  14.4      17.0      19.3      21.0      22.2      22.7      22.7    
  22.1      21.2      20.2      19.0      18.1      17.5      17.3    
ecdm = 1.25 :         20.0      18.0      14.9      13.6      13.7    
  14.3      14.8      15.1      15.1      14.8      14.1      13.3    
  12.4      11.3      10.3      9.37      8.65      8.18      8.02    
ecdm = 1.30 :         19.5      16.6      12.6      11.0      10.6    
  10.4      10.1      9.59      8.86      8.05      7.24      6.51    
  5.89      5.37      4.96      4.65      4.42      4.29      4.24    
ecdm = 1.35 :         18.7      15.2      11.1      9.83      9.58    
  9.35      8.85      8.09      7.15      6.19      5.32      4.61    
  4.08      3.73      3.52      3.40      3.34      3.31      3.30    
ecdm = 1.40 :         19.7      15.5      11.4      10.4      10.2    
  9.99      9.39      8.45      7.29      6.09      5.01      4.14    
  3.51      3.12      2.90      2.79      2.75      2.74      2.74    
ecdm = 1.45 :         20.6      15.8      11.8      11.2      11.4    
  11.4      10.9      9.94      8.63      7.22      5.92      4.85    
  4.06      3.52      3.15      2.93      2.79      2.72      2.70    
ecdm = 1.50 :         20.7      15.4      11.5      10.9      11.0    
  11.0      10.6      9.86      9.01      8.14      7.33      6.56    
  5.80      5.05      4.37      3.80      3.41      3.19      3.12    
ecdm = 1.55 :         17.8      12.5      9.01      8.18      7.56    
  6.70      5.71      4.81      4.19      3.91      3.85      3.82    
  3.65      3.33      2.96      2.69      2.58      2.58      2.60    
ecdm = 1.60 :         15.9      10.8      8.30      8.07      7.66    
  6.63      5.19      3.76      2.75      2.35      2.44      2.72    
  2.86      2.77      2.54      2.36      2.35      2.45      2.50    
ecdm = 1.65 :         12.2      8.12      7.59      8.83      9.29    
  8.49      6.70      4.62      2.99      2.25      2.34      2.83    
  3.23      3.27      3.00      2.66      2.43      2.35      2.34    
ecdm = 1.70 :         9.20      5.91      6.30      7.63      7.96    
  7.15      5.54      3.74      2.31      1.51      1.33      1.52    
  1.81      2.01      2.03      1.86      1.59      1.34      1.24    
ecdm = 1.75 :         7.30      4.29      4.56      5.11      4.82    
  3.93      2.83      1.87      1.21     0.828     0.633     0.586    
 0.703     0.953      1.19      1.23      1.03     0.736     0.598    
ecdm = 1.80 :         6.02      3.32      3.79      4.14      3.66    
  2.75      1.82      1.15     0.807     0.646     0.516     0.404    
 0.415     0.600     0.836     0.907     0.721     0.422     0.279    
ecdm = 1.85 :         5.23      2.79      3.49      3.84      3.38    
  2.49      1.58     0.944     0.656     0.577     0.528     0.454    
 0.440     0.557     0.722     0.753     0.558     0.269     0.131    
ecdm = 1.90 :         5.40      2.77      3.25      3.39      2.91    
  2.15      1.42     0.921     0.687     0.617     0.581     0.541    
 0.561     0.684     0.823     0.813     0.584     0.277     0.134    
ecdm = 1.95 :         6.36      3.14      3.04      2.78      2.15    
  1.51      1.03     0.738     0.605     0.552     0.524     0.525    
 0.585     0.698     0.777     0.715     0.495     0.239     0.125    
ecdm = 2.00 :         7.00      3.42      2.99      2.49      1.76    
  1.13     0.733     0.531     0.446     0.408     0.394     0.409    
 0.457     0.510     0.514     0.427     0.262     0.974e-01 0.285e-01
ecdm = 2.05 :         3.73      3.52      2.94      2.19      1.45    
 0.865     0.460     0.217     0.869e-01 0.255e-01 0.621e-04 0.000e+00
 0.000e+00 0.000e+00 0.000e+00 0.000e+00 0.000e+00 0.000e+00 0.000e+00
ecdm = 2.10 :         3.69      3.46      2.88      2.12      1.37    
 0.781     0.381     0.149     0.325e-01 0.000e+00 0.000e+00 0.000e+00
 0.000e+00 0.000e+00 0.000e+00 0.000e+00 0.000e+00 0.000e+00 0.000e+00
ecdm = 2.15 :         3.80      3.57      2.94      2.13      1.35    
 0.732     0.323     0.940e-01 0.000e+00 0.000e+00 0.000e+00 0.000e+00
 0.000e+00 0.000e+00 0.000e+00 0.000e+00 0.000e+00 0.000e+00 0.000e+00
ecdm = 2.20 :         5.70      5.30      4.27      2.97      1.78    
 0.900     0.368     0.983e-01 0.000e+00 0.000e+00 0.000e+00 0.000e+00
 0.000e+00 0.000e+00 0.000e+00 0.000e+00 0.000e+00 0.000e+00 0.000e+00
ecdm = 2.25 :         8.32      7.67      6.02      4.02      2.28    
  1.08     0.408     0.100     0.000e+00 0.000e+00 0.000e+00 0.000e+00
 0.000e+00 0.000e+00 0.000e+00 0.000e+00 0.000e+00 0.000e+00 0.000e+00
ecdm = 2.30 :         11.7      10.7      8.19      5.25      2.81    
  1.25     0.437     0.989e-01 0.000e+00 0.000e+00 0.000e+00 0.000e+00
 0.000e+00 0.000e+00 0.000e+00 0.000e+00 0.000e+00 0.000e+00 0.000e+00
ecdm = 2.35 :         15.5      14.1      10.5      6.47      3.28    
  1.36     0.441     0.925e-01 0.000e+00 0.000e+00 0.000e+00 0.000e+00
 0.000e+00 0.000e+00 0.000e+00 0.000e+00 0.000e+00 0.000e+00 0.000e+00
ecdm = 2.40 :         18.6      16.7      12.2      7.21      3.47    
  1.34     0.405     0.792e-01 0.000e+00 0.000e+00 0.000e+00 0.000e+00
 0.000e+00 0.000e+00 0.000e+00 0.000e+00 0.000e+00 0.000e+00 0.000e+00
ecdm = 2.45 :         17.7      15.8      11.2      6.40      2.92    
  1.07     0.301     0.563e-01 0.000e+00 0.000e+00 0.000e+00 0.000e+00
 0.000e+00 0.000e+00 0.000e+00 0.000e+00 0.000e+00 0.000e+00 0.000e+00
ecdm = 2.50 :         5.39      4.78      3.35      1.87     0.835    
 0.302     0.885e-01 0.205e-01 0.323e-02 0.000e+00 0.000e+00 0.000e+00
 0.000e+00 0.000e+00 0.000e+00 0.000e+00 0.000e+00 0.000e+00 0.000e+00
ecdm = 2.55 :         2.11      1.87      1.32     0.748     0.343    
 0.130     0.413e-01 0.113e-01 0.266e-02 0.543e-03 0.864e-04 0.408e-05
 0.000e+00 0.000e+00 0.000e+00 0.000e+00 0.000e+00 0.000e+00 0.000e+00
ecdm = 2.60 :         2.27      2.01      1.40     0.767     0.336    
 0.119     0.339e-01 0.766e-02 0.121e-02 0.106e-04 0.000e+00 0.000e+00
 0.000e+00 0.000e+00 0.000e+00 0.000e+00 0.000e+00 0.000e+00 0.000e+00
ecdm = 2.65 :         2.45      2.15      1.47     0.785     0.327    
 0.106     0.259e-01 0.388e-02 0.000e+00 0.000e+00 0.000e+00 0.000e+00
 0.000e+00 0.000e+00 0.000e+00 0.000e+00 0.000e+00 0.000e+00 0.000e+00
ecdm = 2.70 :         3.91      3.41      2.26      1.12     0.411    
 0.988e-01 0.529e-02 0.000e+00 0.000e+00 0.000e+00 0.000e+00 0.000e+00
 0.000e+00 0.000e+00 0.000e+00 0.000e+00 0.000e+00 0.000e+00 0.000e+00
ecdm = 2.75 :         8.90      7.78      5.18      2.56     0.866    
 0.120     0.000e+00 0.000e+00 0.000e+00 0.000e+00 0.000e+00 0.000e+00
 0.000e+00 0.000e+00 0.000e+00 0.000e+00 0.000e+00 0.000e+00 0.000e+00
ecdm = 2.80 :         7.58      6.69      4.59      2.38     0.848    
 0.111     0.000e+00 0.000e+00 0.000e+00 0.000e+00 0.000e+00 0.000e+00
 0.000e+00 0.000e+00 0.000e+00 0.000e+00 0.000e+00 0.000e+00 0.000e+00
ecdm = 2.85 :         5.19      4.64      3.28      1.79     0.683    
 0.917e-01 0.000e+00 0.000e+00 0.000e+00 0.000e+00 0.000e+00 0.000e+00
 0.000e+00 0.000e+00 0.000e+00 0.000e+00 0.000e+00 0.000e+00 0.000e+00
ecdm = 2.90 :         3.22      2.91      2.13      1.23     0.501    
 0.710e-01 0.000e+00 0.000e+00 0.000e+00 0.000e+00 0.000e+00 0.000e+00
 0.000e+00 0.000e+00 0.000e+00 0.000e+00 0.000e+00 0.000e+00 0.000e+00
ecdm = 2.95 :         1.89      1.73      1.31     0.793     0.348    
 0.527e-01 0.000e+00 0.000e+00 0.000e+00 0.000e+00 0.000e+00 0.000e+00
 0.000e+00 0.000e+00 0.000e+00 0.000e+00 0.000e+00 0.000e+00 0.000e+00
ecdm = 3.00 :         1.07     0.988     0.772     0.495     0.234    
 0.381e-01 0.000e+00 0.000e+00 0.000e+00 0.000e+00 0.000e+00 0.000e+00
 0.000e+00 0.000e+00 0.000e+00 0.000e+00 0.000e+00 0.000e+00 0.000e+00
ecdm = 3.05 :        0.590     0.551     0.445     0.301     0.153    
 0.270e-01 0.000e+00 0.000e+00 0.000e+00 0.000e+00 0.000e+00 0.000e+00
 0.000e+00 0.000e+00 0.000e+00 0.000e+00 0.000e+00 0.000e+00 0.000e+00
ecdm = 3.10 :        0.319     0.301     0.252     0.180     0.982e-01
 0.188e-01 0.000e+00 0.000e+00 0.000e+00 0.000e+00 0.000e+00 0.000e+00
 0.000e+00 0.000e+00 0.000e+00 0.000e+00 0.000e+00 0.000e+00 0.000e+00
ecdm = 3.15 :        0.170     0.162     0.140     0.106     0.622e-01
 0.130e-01 0.000e+00 0.000e+00 0.000e+00 0.000e+00 0.000e+00 0.000e+00
 0.000e+00 0.000e+00 0.000e+00 0.000e+00 0.000e+00 0.000e+00 0.000e+00
ecdm = 3.20 :        0.895e-01 0.864e-01 0.772e-01 0.616e-01 0.389e-01
 0.883e-02 0.000e+00 0.000e+00 0.000e+00 0.000e+00 0.000e+00 0.000e+00
 0.000e+00 0.000e+00 0.000e+00 0.000e+00 0.000e+00 0.000e+00 0.000e+00
ecdm = 3.25 :        0.467e-01 0.456e-01 0.421e-01 0.355e-01 0.242e-01
 0.597e-02 0.000e+00 0.000e+00 0.000e+00 0.000e+00 0.000e+00 0.000e+00
 0.000e+00 0.000e+00 0.000e+00 0.000e+00 0.000e+00 0.000e+00 0.000e+00
ecdm = 3.30 :        0.242e-01 0.239e-01 0.228e-01 0.203e-01 0.149e-01
 0.401e-02 0.000e+00 0.000e+00 0.000e+00 0.000e+00 0.000e+00 0.000e+00
 0.000e+00 0.000e+00 0.000e+00 0.000e+00 0.000e+00 0.000e+00 0.000e+00
ecdm = 3.35 :        0.124e-01 0.124e-01 0.123e-01 0.115e-01 0.909e-02
 0.268e-02 0.000e+00 0.000e+00 0.000e+00 0.000e+00 0.000e+00 0.000e+00
 0.000e+00 0.000e+00 0.000e+00 0.000e+00 0.000e+00 0.000e+00 0.000e+00
ecdm = 3.40 :        0.635e-02 0.641e-02 0.655e-02 0.650e-02 0.553e-02
 0.178e-02 0.000e+00 0.000e+00 0.000e+00 0.000e+00 0.000e+00 0.000e+00
 0.000e+00 0.000e+00 0.000e+00 0.000e+00 0.000e+00 0.000e+00 0.000e+00
ecdm = 3.45 :        0.323e-02 0.330e-02 0.349e-02 0.365e-02 0.334e-02
 0.118e-02 0.000e+00 0.000e+00 0.000e+00 0.000e+00 0.000e+00 0.000e+00
 0.000e+00 0.000e+00 0.000e+00 0.000e+00 0.000e+00 0.000e+00 0.000e+00
ecdm = 3.50 :        0.163e-02 0.169e-02 0.185e-02 0.204e-02 0.201e-02
 0.774e-03 0.000e+00 0.000e+00 0.000e+00 0.000e+00 0.000e+00 0.000e+00
 0.000e+00 0.000e+00 0.000e+00 0.000e+00 0.000e+00 0.000e+00 0.000e+00
channel     2                                                         
ecdm = 1.05 :        0.000e+00 0.000e+00 0.000e+00 0.000e+00 0.000e+00
 0.000e+00 0.000e+00 0.000e+00 0.000e+00 0.000e+00 0.000e+00 0.000e+00
 0.000e+00 0.000e+00 0.000e+00 0.000e+00 0.000e+00 0.000e+00 0.000e+00
ecdm = 1.10 :         2.60      2.60      2.60      2.60      2.60    
  2.60      2.60      2.60      2.60      2.60      2.60      2.60    
  2.60      2.60      2.60      2.60      2.60      2.60      2.60    
ecdm = 1.15 :         6.94      6.94      6.94      6.94      6.94    
  6.94      6.94      6.94      6.94      6.94      6.94      6.94    
  6.94      6.94      6.94      6.94      6.94      6.94      6.94    
ecdm = 1.20 :         11.1      11.5      12.8      14.7      17.0    
  19.6      22.0      24.1      25.4      26.0      25.6      24.3    
  22.3      19.8      17.0      14.5      12.3      11.0      10.5    
ecdm = 1.25 :         10.3      10.7      11.8      13.6      15.7    
  18.1      20.2      22.0      23.0      23.3      22.5      20.9    
  18.5      15.7      12.6      9.82      7.52      6.03      5.52    
ecdm = 1.30 :         5.36      5.48      5.85      6.45      7.24    
  8.16      9.09      9.88      10.4      10.5      10.1      9.28    
  8.00      6.45      4.80      3.28      2.05      1.26     0.990    
ecdm = 1.35 :         3.15      3.17      3.23      3.37      3.62    
  3.98      4.41      4.84      5.17      5.29      5.13      4.68    
  3.97      3.09      2.16      1.32     0.651     0.230     0.868e-01
ecdm = 1.40 :         1.70      1.70      1.70      1.75      1.87    
  2.10      2.42      2.79      3.12      3.32      3.30      3.05    
  2.61      2.06      1.50      1.02     0.664     0.449     0.379    
ecdm = 1.45 :        0.941     0.975      1.08      1.23      1.46    
  1.75      2.12      2.51      2.85      3.03      2.98      2.70    
  2.27      1.81      1.41      1.13     0.975     0.903     0.883    
ecdm = 1.50 :        0.805     0.910      1.20      1.65      2.20    
  2.82      3.47      4.05      4.45      4.53      4.27      3.75    
  3.11      2.53      2.08      1.77      1.57      1.46      1.42    
ecdm = 1.55 :        0.725     0.803      1.01      1.31      1.67    
  2.06      2.50      2.93      3.24      3.34      3.22      2.99    
  2.77      2.66      2.61      2.52      2.33      2.12      2.03    
ecdm = 1.60 :        0.171     0.315     0.661      1.02      1.24    
  1.34      1.42      1.57      1.80      1.99      2.08      2.12    
  2.21      2.38      2.53      2.48      2.19      1.84      1.68    
ecdm = 1.65 :        0.102     0.397      1.10      1.78      2.09    
  1.99      1.70      1.49      1.48      1.63      1.83      2.06    
  2.38      2.74      2.94      2.76      2.20      1.57      1.29    
ecdm = 1.70 :        0.296     0.590      1.31      2.08      2.53    
  2.53      2.20      1.75      1.40      1.22      1.20      1.34    
  1.59      1.88      2.05      1.99      1.69      1.35      1.20    
ecdm = 1.75 :        0.350     0.505     0.886      1.29      1.54    
  1.56      1.40      1.17     0.964     0.823     0.758     0.769    
 0.854     0.993      1.15      1.28      1.35      1.38      1.39    
ecdm = 1.80 :        0.535     0.654     0.916      1.12      1.13    
 0.991     0.845     0.784     0.781     0.746     0.645     0.548    
 0.563     0.732     0.994      1.24      1.38      1.43      1.44    
ecdm = 1.85 :        0.888      1.05      1.37      1.49      1.25    
 0.833     0.560     0.592     0.781     0.855     0.704     0.485    
 0.460     0.733      1.16      1.49      1.59      1.52      1.47    
ecdm = 1.90 :         1.09      1.34      1.81      1.97      1.55    
 0.822     0.346     0.399     0.763     0.987     0.850     0.556    
 0.489     0.819      1.34      1.69      1.68      1.46      1.34    
ecdm = 1.95 :        0.755      1.04      1.59      1.84      1.47    
 0.738     0.211     0.221     0.598     0.895     0.847     0.600    
 0.507     0.741      1.13      1.34      1.22     0.947     0.808    
ecdm = 2.00 :        0.370     0.607      1.09      1.36      1.14    
 0.597     0.169     0.135     0.405     0.660     0.682     0.544    
 0.480     0.618     0.842     0.934     0.804     0.578     0.469    
ecdm = 2.05 :         1.33      1.32      1.26      1.18      1.08    
 0.970     0.854     0.742     0.638     0.546     0.468     0.403    
 0.350     0.308     0.276     0.252     0.236     0.227     0.224    
ecdm = 2.10 :         1.03      1.02     0.972     0.904     0.820    
 0.726     0.631     0.541     0.459     0.387     0.326     0.277    
 0.237     0.206     0.183     0.166     0.154     0.147     0.145    
ecdm = 2.15 :        0.809     0.797     0.760     0.705     0.636    
 0.560     0.483     0.411     0.345     0.289     0.241     0.203    
 0.172     0.149     0.131     0.118     0.110     0.105     0.103    
ecdm = 2.20 :        0.637     0.627     0.597     0.552     0.496    
 0.434     0.372     0.314     0.262     0.218     0.180     0.151    
 0.127     0.109     0.955e-01 0.857e-01 0.792e-01 0.755e-01 0.742e-01
ecdm = 2.25 :        0.502     0.494     0.469     0.432     0.386    
 0.337     0.287     0.240     0.199     0.164     0.135     0.112    
 0.937e-01 0.798e-01 0.696e-01 0.622e-01 0.573e-01 0.545e-01 0.535e-01
ecdm = 2.30 :        0.395     0.388     0.369     0.338     0.301    
 0.261     0.221     0.184     0.151     0.124     0.101     0.830e-01
 0.691e-01 0.585e-01 0.507e-01 0.451e-01 0.414e-01 0.393e-01 0.386e-01
ecdm = 2.35 :        0.311     0.306     0.290     0.265     0.235    
 0.202     0.170     0.141     0.115     0.931e-01 0.755e-01 0.616e-01
 0.509e-01 0.429e-01 0.369e-01 0.327e-01 0.299e-01 0.284e-01 0.278e-01
ecdm = 2.40 :        0.139     0.136     0.128     0.115     0.100    
 0.844e-01 0.691e-01 0.555e-01 0.439e-01 0.345e-01 0.271e-01 0.214e-01
 0.172e-01 0.141e-01 0.119e-01 0.103e-01 0.931e-02 0.874e-02 0.856e-02
ecdm = 2.45 :        0.536e-01 0.523e-01 0.486e-01 0.432e-01 0.367e-01
 0.301e-01 0.239e-01 0.185e-01 0.141e-01 0.107e-01 0.806e-02 0.614e-02
 0.476e-02 0.378e-02 0.310e-02 0.264e-02 0.234e-02 0.218e-02 0.212e-02
ecdm = 2.50 :        0.207e-01 0.201e-01 0.185e-01 0.162e-01 0.135e-01
 0.108e-01 0.827e-02 0.619e-02 0.455e-02 0.331e-02 0.240e-02 0.176e-02
 0.132e-02 0.102e-02 0.810e-03 0.674e-03 0.589e-03 0.542e-03 0.527e-03
ecdm = 2.55 :        0.800e-02 0.776e-02 0.707e-02 0.608e-02 0.495e-02
 0.384e-02 0.286e-02 0.207e-02 0.146e-02 0.102e-02 0.716e-03 0.507e-03
 0.366e-03 0.273e-03 0.212e-03 0.172e-03 0.148e-03 0.135e-03 0.131e-03
ecdm = 2.60 :        0.998e-02 0.964e-02 0.869e-02 0.734e-02 0.583e-02
 0.439e-02 0.316e-02 0.220e-02 0.149e-02 0.100e-02 0.671e-03 0.455e-03
 0.316e-03 0.228e-03 0.172e-03 0.136e-03 0.115e-03 0.104e-03 0.100e-03
ecdm = 2.65 :        0.128e-01 0.123e-01 0.109e-01 0.907e-02 0.703e-02
 0.514e-02 0.357e-02 0.239e-02 0.156e-02 0.100e-02 0.643e-03 0.419e-03
 0.280e-03 0.195e-03 0.142e-03 0.110e-03 0.914e-04 0.815e-04 0.784e-04
ecdm = 2.70 :        0.163e-01 0.156e-01 0.138e-01 0.112e-01 0.848e-02
 0.601e-02 0.404e-02 0.260e-02 0.162e-02 0.100e-02 0.616e-03 0.385e-03
 0.248e-03 0.166e-03 0.118e-03 0.892e-04 0.726e-04 0.640e-04 0.614e-04
ecdm = 2.75 :        0.208e-01 0.199e-01 0.173e-01 0.139e-01 0.102e-01
 0.704e-02 0.456e-02 0.282e-02 0.169e-02 0.100e-02 0.590e-03 0.354e-03
 0.219e-03 0.142e-03 0.977e-04 0.721e-04 0.577e-04 0.503e-04 0.480e-04
ecdm = 2.80 :        0.266e-01 0.253e-01 0.218e-01 0.171e-01 0.123e-01
 0.824e-02 0.516e-02 0.307e-02 0.177e-02 0.100e-02 0.566e-03 0.326e-03
 0.194e-03 0.121e-03 0.810e-04 0.584e-04 0.458e-04 0.395e-04 0.376e-04
ecdm = 2.85 :        0.340e-01 0.322e-01 0.275e-01 0.212e-01 0.149e-01
 0.964e-02 0.583e-02 0.334e-02 0.184e-02 0.100e-02 0.542e-03 0.299e-03
 0.172e-03 0.104e-03 0.672e-04 0.472e-04 0.364e-04 0.311e-04 0.294e-04
ecdm = 2.90 :        0.434e-01 0.410e-01 0.346e-01 0.262e-01 0.180e-01
 0.113e-01 0.659e-02 0.363e-02 0.192e-02 0.100e-02 0.520e-03 0.275e-03
 0.152e-03 0.886e-04 0.557e-04 0.382e-04 0.289e-04 0.244e-04 0.230e-04
ecdm = 2.95 :        0.555e-01 0.522e-01 0.435e-01 0.324e-01 0.217e-01
 0.132e-01 0.745e-02 0.395e-02 0.201e-02 0.100e-02 0.498e-03 0.253e-03
 0.134e-03 0.757e-04 0.461e-04 0.309e-04 0.230e-04 0.192e-04 0.180e-04
ecdm = 3.00 :        0.708e-01 0.664e-01 0.548e-01 0.400e-01 0.261e-01
 0.155e-01 0.842e-02 0.429e-02 0.210e-02 0.100e-02 0.477e-03 0.233e-03
 0.119e-03 0.647e-04 0.382e-04 0.250e-04 0.183e-04 0.151e-04 0.141e-04
ecdm = 3.05 :        0.905e-01 0.845e-01 0.690e-01 0.495e-01 0.315e-01
 0.181e-01 0.951e-02 0.467e-02 0.219e-02 0.100e-02 0.457e-03 0.214e-03
 0.105e-03 0.552e-04 0.317e-04 0.202e-04 0.145e-04 0.118e-04 0.110e-04
ecdm = 3.10 :        0.116     0.108     0.868e-01 0.612e-01 0.381e-01
 0.212e-01 0.108e-01 0.508e-02 0.228e-02 0.100e-02 0.438e-03 0.197e-03
 0.930e-04 0.472e-04 0.263e-04 0.163e-04 0.115e-04 0.930e-05 0.865e-05
ecdm = 3.15 :        0.148     0.137     0.109     0.756e-01 0.459e-01
 0.248e-01 0.122e-01 0.552e-02 0.238e-02 0.100e-02 0.420e-03 0.181e-03
 0.823e-04 0.403e-04 0.218e-04 0.132e-04 0.915e-05 0.730e-05 0.677e-05
ecdm = 3.20 :        0.189     0.174     0.138     0.935e-01 0.554e-01
 0.290e-01 0.137e-01 0.600e-02 0.248e-02 0.100e-02 0.403e-03 0.167e-03
 0.728e-04 0.344e-04 0.181e-04 0.107e-04 0.727e-05 0.574e-05 0.530e-05
ecdm = 3.25 :        0.241     0.222     0.173     0.116     0.668e-01
 0.340e-01 0.155e-01 0.653e-02 0.259e-02 0.100e-02 0.386e-03 0.153e-03
 0.644e-04 0.294e-04 0.150e-04 0.865e-05 0.577e-05 0.451e-05 0.415e-05
ecdm = 3.30 :        0.308     0.282     0.218     0.143     0.806e-01
 0.398e-01 0.175e-01 0.710e-02 0.270e-02 0.100e-02 0.370e-03 0.141e-03
 0.570e-04 0.251e-04 0.124e-04 0.700e-05 0.459e-05 0.354e-05 0.325e-05
ecdm = 3.35 :        0.393     0.359     0.274     0.177     0.972e-01
 0.466e-01 0.198e-01 0.772e-02 0.282e-02 0.100e-02 0.354e-03 0.130e-03
 0.504e-04 0.215e-04 0.103e-04 0.566e-05 0.364e-05 0.278e-05 0.254e-05
ecdm = 3.40 :        0.503     0.457     0.345     0.218     0.117    
 0.545e-01 0.224e-01 0.839e-02 0.294e-02 0.100e-02 0.340e-03 0.119e-03
 0.446e-04 0.184e-04 0.853e-05 0.458e-05 0.290e-05 0.219e-05 0.199e-05
ecdm = 3.45 :        0.642     0.582     0.435     0.270     0.142    
 0.638e-01 0.253e-01 0.913e-02 0.307e-02 0.100e-02 0.325e-03 0.110e-03
 0.395e-04 0.157e-04 0.707e-05 0.370e-05 0.230e-05 0.172e-05 0.156e-05
ecdm = 3.50 :        0.820     0.741     0.547     0.334     0.171    
 0.747e-01 0.286e-01 0.992e-02 0.321e-02 0.100e-02 0.312e-03 0.101e-03
 0.349e-04 0.134e-04 0.586e-05 0.300e-05 0.183e-05 0.135e-05 0.122e-05
channel     3                                                         
ecdm = 1.05 :        0.000e+00 0.000e+00 0.000e+00 0.000e+00 0.000e+00
 0.000e+00 0.000e+00 0.000e+00 0.000e+00 0.000e+00 0.000e+00 0.000e+00
 0.000e+00 0.000e+00 0.000e+00 0.000e+00 0.000e+00 0.000e+00 0.000e+00
ecdm = 1.10 :         4.34      4.34      4.34      4.34      4.34    
  4.34      4.34      4.34      4.34      4.34      4.34      4.34    
  4.34      4.34      4.34      4.34      4.34      4.34      4.34    
ecdm = 1.15 :         11.6      11.6      11.6      11.6      11.6    
  11.6      11.6      11.6      11.6      11.6      11.6      11.6    
  11.6      11.6      11.6      11.6      11.6      11.6      11.6    
ecdm = 1.20 :         9.17      8.77      8.71      10.2      12.9    
  16.2      19.5      22.4      24.9      26.9      28.3      29.1    
  29.4      29.1      28.5      27.7      26.8      26.3      26.0    
ecdm = 1.25 :         22.1      19.8      16.2      14.4      14.4    
  15.1      16.0      16.8      17.5      17.8      17.8      17.5    
  16.9      16.2      15.4      14.7      14.2      13.8      13.7    
ecdm = 1.30 :         22.8      19.3      14.4      12.0      11.2    
  11.0      10.9      10.8      10.6      10.4      10.1      9.89    
  9.68      9.54      9.48      9.49      9.54      9.60      9.62    
ecdm = 1.35 :         23.1      18.9      13.5      11.2      10.2    
  9.67      9.17      8.68      8.24      7.87      7.61      7.48    
  7.50      7.66      7.95      8.31      8.68      8.95      9.05    
ecdm = 1.40 :         25.1      19.9      14.1      11.6      10.4    
  9.53      8.66      7.86      7.17      6.65      6.32      6.19    
  6.29      6.60      7.10      7.73      8.35      8.82      8.99    
ecdm = 1.45 :         27.0      21.0      14.8      12.3      10.9    
  9.80      8.73      7.78      6.99      6.41      6.02      5.84    
  5.91      6.28      6.98      7.93      8.92      9.69      9.98    
ecdm = 1.50 :         22.1      16.4      11.7      10.2      9.24    
  8.36      7.53      6.85      6.36      6.02      5.77      5.59    
  5.56      5.83      6.49      7.51      8.66      9.57      9.92    
ecdm = 1.55 :         12.4      8.32      6.23      5.94      5.45    
  4.65      3.80      3.13      2.74      2.59      2.56      2.59    
  2.66      2.88      3.34      4.07      4.91      5.60      5.87    
ecdm = 1.60 :         9.87      6.15      4.97      5.08      4.65    
  3.74      2.72      1.92      1.47      1.36      1.43      1.59    
  1.79      2.11      2.65      3.44      4.35      5.10      5.39    
ecdm = 1.65 :         8.41      5.06      4.74      5.28      4.96    
  3.93      2.67      1.64      1.08     0.950      1.09      1.34    
  1.61      1.98      2.56      3.40      4.36      5.16      5.47    
ecdm = 1.70 :         7.08      4.07      4.39      5.16      4.89    
  3.80      2.46      1.38     0.791     0.621     0.680     0.803    
 0.936      1.13      1.50      2.07      2.77      3.36      3.60    
ecdm = 1.75 :         6.53      3.61      4.10      4.77      4.41    
  3.33      2.09      1.14     0.624     0.441     0.409     0.412    
 0.443     0.557     0.826      1.28      1.83      2.31      2.51    
ecdm = 1.80 :         6.55      6.27      5.51      4.46      3.35    
  2.35      1.55     0.983     0.602     0.363     0.218     0.133    
 0.838e-01 0.551e-01 0.383e-01 0.285e-01 0.229e-01 0.201e-01 0.192e-01
ecdm = 1.85 :         7.05      6.72      5.82      4.60      3.34    
  2.25      1.43     0.859     0.501     0.287     0.164     0.956e-01
 0.575e-01 0.363e-01 0.244e-01 0.177e-01 0.139e-01 0.120e-01 0.115e-01
ecdm = 1.90 :         7.48      7.10      6.08      4.71      3.32    
  2.16      1.30     0.740     0.401     0.211     0.109     0.562e-01
 0.295e-01 0.160e-01 0.919e-02 0.567e-02 0.388e-02 0.303e-02 0.278e-02
ecdm = 1.95 :         7.84      7.42      6.29      4.80      3.31    
  2.07      1.19     0.625     0.303     0.134     0.523e-01 0.153e-01
 0.000e+00 0.000e+00 0.000e+00 0.000e+00 0.000e+00 0.000e+00 0.000e+00
ecdm = 2.00 :         8.14      7.68      6.47      4.87      3.28    
  1.98      1.07     0.514     0.207     0.581e-01 0.000e+00 0.000e+00
 0.000e+00 0.000e+00 0.000e+00 0.000e+00 0.000e+00 0.000e+00 0.000e+00
ecdm = 2.05 :         8.38      7.90      6.61      4.92      3.25    
  1.90     0.968     0.407     0.113     0.000e+00 0.000e+00 0.000e+00
 0.000e+00 0.000e+00 0.000e+00 0.000e+00 0.000e+00 0.000e+00 0.000e+00
ecdm = 2.10 :         8.57      8.07      6.72      4.96      3.22    
  1.82     0.867     0.304     0.208e-01 0.000e+00 0.000e+00 0.000e+00
 0.000e+00 0.000e+00 0.000e+00 0.000e+00 0.000e+00 0.000e+00 0.000e+00
ecdm = 2.15 :         10.2      9.56      7.88      5.70      3.60    
  1.96     0.875     0.269     0.000e+00 0.000e+00 0.000e+00 0.000e+00
 0.000e+00 0.000e+00 0.000e+00 0.000e+00 0.000e+00 0.000e+00 0.000e+00
ecdm = 2.20 :         13.3      12.4      10.1      7.09      4.32    
  2.24     0.952     0.276     0.000e+00 0.000e+00 0.000e+00 0.000e+00
 0.000e+00 0.000e+00 0.000e+00 0.000e+00 0.000e+00 0.000e+00 0.000e+00
ecdm = 2.25 :         17.3      16.0      12.8      8.73      5.12    
  2.54      1.02     0.281     0.000e+00 0.000e+00 0.000e+00 0.000e+00
 0.000e+00 0.000e+00 0.000e+00 0.000e+00 0.000e+00 0.000e+00 0.000e+00
ecdm = 2.30 :         22.0      20.3      15.9      10.6      5.99    
  2.84      1.08     0.281     0.000e+00 0.000e+00 0.000e+00 0.000e+00
 0.000e+00 0.000e+00 0.000e+00 0.000e+00 0.000e+00 0.000e+00 0.000e+00
ecdm = 2.35 :         27.5      25.2      19.4      12.6      6.87    
  3.11      1.13     0.277     0.000e+00 0.000e+00 0.000e+00 0.000e+00
 0.000e+00 0.000e+00 0.000e+00 0.000e+00 0.000e+00 0.000e+00 0.000e+00
ecdm = 2.40 :         33.5      30.6      23.2      14.6      7.67    
  3.32      1.14     0.266     0.000e+00 0.000e+00 0.000e+00 0.000e+00
 0.000e+00 0.000e+00 0.000e+00 0.000e+00 0.000e+00 0.000e+00 0.000e+00
ecdm = 2.45 :         39.3      35.7      26.6      16.3      8.26    
  3.42      1.12     0.247     0.000e+00 0.000e+00 0.000e+00 0.000e+00
 0.000e+00 0.000e+00 0.000e+00 0.000e+00 0.000e+00 0.000e+00 0.000e+00
ecdm = 2.50 :         43.6      39.3      28.8      17.2      8.41    
  3.33      1.04     0.218     0.000e+00 0.000e+00 0.000e+00 0.000e+00
 0.000e+00 0.000e+00 0.000e+00 0.000e+00 0.000e+00 0.000e+00 0.000e+00
ecdm = 2.55 :         43.7      39.2      28.3      16.5      7.76    
  2.94     0.875     0.177     0.870e-03 0.000e+00 0.000e+00 0.000e+00
 0.000e+00 0.000e+00 0.000e+00 0.000e+00 0.000e+00 0.000e+00 0.000e+00
ecdm = 2.60 :         35.1      31.3      22.2      12.6      5.76    
  2.10     0.602     0.120     0.442e-02 0.000e+00 0.000e+00 0.000e+00
 0.000e+00 0.000e+00 0.000e+00 0.000e+00 0.000e+00 0.000e+00 0.000e+00
ecdm = 2.65 :         9.84      8.76      6.19      3.50      1.59    
 0.592     0.181     0.450e-01 0.844e-02 0.683e-03 0.000e+00 0.000e+00
 0.000e+00 0.000e+00 0.000e+00 0.000e+00 0.000e+00 0.000e+00 0.000e+00
ecdm = 2.70 :        0.241     0.228     0.193     0.147     0.101    
 0.632e-01 0.362e-01 0.191e-01 0.938e-02 0.425e-02 0.175e-02 0.605e-03
 0.115e-03 0.000e+00 0.000e+00 0.000e+00 0.000e+00 0.000e+00 0.000e+00
ecdm = 2.75 :         1.23      1.17     0.991     0.759     0.525    
 0.332     0.193     0.104     0.526e-01 0.249e-01 0.111e-01 0.453e-02
 0.156e-02 0.277e-03 0.000e+00 0.000e+00 0.000e+00 0.000e+00 0.000e+00
ecdm = 2.80 :         2.20      2.08      1.77      1.36     0.942    
 0.597     0.348     0.188     0.955e-01 0.456e-01 0.205e-01 0.849e-02
 0.303e-02 0.638e-03 0.000e+00 0.000e+00 0.000e+00 0.000e+00 0.000e+00
ecdm = 2.85 :         3.15      2.98      2.53      1.94      1.35    
 0.857     0.501     0.272     0.138     0.663e-01 0.299e-01 0.125e-01
 0.451e-02 0.100e-02 0.000e+00 0.000e+00 0.000e+00 0.000e+00 0.000e+00
ecdm = 2.90 :         4.07      3.85      3.28      2.52      1.75    
  1.11     0.652     0.355     0.181     0.870e-01 0.394e-01 0.165e-01
 0.601e-02 0.138e-02 0.000e+00 0.000e+00 0.000e+00 0.000e+00 0.000e+00
ecdm = 2.95 :         4.97      4.71      4.01      3.08      2.15    
  1.37     0.801     0.437     0.223     0.108     0.489e-01 0.206e-01
 0.753e-02 0.176e-02 0.000e+00 0.000e+00 0.000e+00 0.000e+00 0.000e+00
ecdm = 3.00 :         5.84      5.54      4.72      3.63      2.53    
  1.61     0.949     0.519     0.266     0.128     0.584e-01 0.247e-01
 0.906e-02 0.214e-02 0.000e+00 0.000e+00 0.000e+00 0.000e+00 0.000e+00
ecdm = 3.05 :         6.70      6.35      5.41      4.17      2.91    
  1.86      1.09     0.599     0.308     0.149     0.680e-01 0.288e-01
 0.106e-01 0.253e-02 0.000e+00 0.000e+00 0.000e+00 0.000e+00 0.000e+00
ecdm = 3.10 :         7.53      7.14      6.09      4.69      3.28    
  2.10      1.24     0.680     0.350     0.170     0.777e-01 0.330e-01
 0.122e-01 0.292e-02 0.000e+00 0.000e+00 0.000e+00 0.000e+00 0.000e+00
ecdm = 3.15 :         8.34      7.91      6.75      5.21      3.65    
  2.34      1.38     0.759     0.391     0.190     0.873e-01 0.372e-01
 0.138e-01 0.333e-02 0.000e+00 0.000e+00 0.000e+00 0.000e+00 0.000e+00
ecdm = 3.20 :         9.14      8.67      7.40      5.71      4.01    
  2.57      1.52     0.838     0.433     0.211     0.970e-01 0.414e-01
 0.154e-01 0.373e-02 0.000e+00 0.000e+00 0.000e+00 0.000e+00 0.000e+00
ecdm = 3.25 :         9.91      9.40      8.03      6.21      4.36    
  2.80      1.66     0.916     0.474     0.232     0.107     0.456e-01
 0.170e-01 0.415e-02 0.000e+00 0.000e+00 0.000e+00 0.000e+00 0.000e+00
ecdm = 3.30 :         10.7      10.1      8.65      6.69      4.70    
  3.03      1.80     0.994     0.516     0.253     0.117     0.499e-01
 0.187e-01 0.457e-02 0.000e+00 0.000e+00 0.000e+00 0.000e+00 0.000e+00
ecdm = 3.35 :         11.4      10.8      9.25      7.16      5.04    
  3.25      1.93      1.07     0.557     0.273     0.126     0.543e-01
 0.203e-01 0.499e-02 0.000e+00 0.000e+00 0.000e+00 0.000e+00 0.000e+00
ecdm = 3.40 :         12.1      11.5      9.84      7.62      5.37    
  3.47      2.07      1.15     0.598     0.294     0.136     0.586e-01
 0.220e-01 0.543e-02 0.000e+00 0.000e+00 0.000e+00 0.000e+00 0.000e+00
ecdm = 3.45 :         12.8      12.2      10.4      8.07      5.69    
  3.68      2.20      1.22     0.638     0.315     0.146     0.630e-01
 0.237e-01 0.587e-02 0.000e+00 0.000e+00 0.000e+00 0.000e+00 0.000e+00
ecdm = 3.50 :         13.5      12.8      11.0      8.51      6.01    
  3.89      2.33      1.30     0.679     0.335     0.156     0.675e-01
 0.255e-01 0.631e-02 0.000e+00 0.000e+00 0.000e+00 0.000e+00 0.000e+00
channel     4                                                         
ecdm = 1.05 :        0.000e+00 0.000e+00 0.000e+00 0.000e+00 0.000e+00
 0.000e+00 0.000e+00 0.000e+00 0.000e+00 0.000e+00 0.000e+00 0.000e+00
 0.000e+00 0.000e+00 0.000e+00 0.000e+00 0.000e+00 0.000e+00 0.000e+00
ecdm = 1.10 :         2.04      2.04      2.04      2.04      2.04    
  2.04      2.04      2.04      2.04      2.04      2.04      2.04    
  2.04      2.04      2.04      2.04      2.04      2.04      2.04    
ecdm = 1.15 :         5.43      5.43      5.43      5.43      5.43    
  5.43      5.43      5.43      5.43      5.43      5.43      5.43    
  5.43      5.43      5.43      5.43      5.43      5.43      5.43    
ecdm = 1.20 :         10.9      11.2      12.3      14.0      16.3    
  18.7      21.1      23.2      24.6      25.0      24.4      22.9    
  20.5      17.6      14.6      11.8      9.59      8.14      7.64    
ecdm = 1.25 :         9.58      10.1      11.5      13.6      16.3    
  19.0      21.6      23.6      24.8      25.1      24.4      22.8    
  20.3      17.3      14.1      11.1      8.69      7.08      6.52    
ecdm = 1.30 :         4.68      4.91      5.59      6.67      8.03    
  9.53      11.0      12.2      12.9      13.1      12.8      11.9    
  10.5      8.82      7.02      5.31      3.92      3.00      2.69    
ecdm = 1.35 :         2.73      2.81      3.05      3.47      4.07    
  4.80      5.58      6.28      6.78      7.00      6.86      6.40    
  5.66      4.74      3.76      2.84      2.10      1.61      1.44    
ecdm = 1.40 :         1.64      1.65      1.69      1.82      2.08    
  2.50      3.02      3.55      3.98      4.21      4.19      3.94    
  3.50      2.98      2.44      1.96      1.59      1.36      1.28    
ecdm = 1.45 :         1.53      1.47      1.36      1.28      1.35    
  1.63      2.09      2.62      3.08      3.34      3.33      3.09    
  2.70      2.30      1.96      1.75      1.64      1.60      1.59    
ecdm = 1.50 :         2.99      2.88      2.61      2.32      2.17    
  2.25      2.55      2.94      3.28      3.42      3.33      3.06    
  2.73      2.47      2.35      2.38      2.48      2.59      2.63    
ecdm = 1.55 :         3.07      3.01      2.88      2.76      2.72    
  2.74      2.78      2.74      2.58      2.31      2.01      1.74    
  1.59      1.57      1.62      1.69      1.74      1.75      1.75    
ecdm = 1.60 :         1.48      1.51      1.60      1.78      2.01    
  2.23      2.32      2.23      1.97      1.60      1.24     0.966    
 0.824     0.789     0.799     0.786     0.727     0.653     0.619    
ecdm = 1.65 :        0.164     0.215     0.376     0.647     0.981    
  1.28      1.46      1.47      1.33      1.12     0.901     0.731    
 0.633     0.592     0.564     0.499     0.384     0.266     0.215    
ecdm = 1.70 :        0.125     0.116     0.125     0.216     0.400    
 0.610     0.756     0.793     0.740     0.642     0.540     0.466    
 0.449     0.490     0.542     0.533     0.435     0.305     0.246    
ecdm = 1.75 :        0.347     0.298     0.204     0.166     0.240    
 0.393     0.549     0.647     0.664     0.592     0.449     0.302    
 0.246     0.323     0.458     0.508     0.399     0.215     0.124    
ecdm = 1.80 :        0.678     0.632     0.518     0.391     0.305    
 0.298     0.391     0.558     0.708     0.717     0.542     0.296    
 0.187     0.318     0.562     0.660     0.480     0.167     0.140e-01
ecdm = 1.85 :         1.27      1.33      1.40      1.32      1.01    
 0.616     0.386     0.466     0.733     0.897     0.778     0.496    
 0.362     0.552     0.893      1.02     0.747     0.289     0.667e-01
ecdm = 1.90 :         2.03      2.01      1.95      1.87      1.75    
  1.62      1.48      1.34      1.20      1.08     0.967     0.869    
 0.786     0.719     0.665     0.624     0.596     0.579     0.573    
ecdm = 1.95 :         1.57      1.55      1.50      1.42      1.32    
  1.21      1.09     0.977     0.865     0.764     0.674     0.597    
 0.533     0.481     0.440     0.410     0.388     0.376     0.372    
ecdm = 2.00 :         1.21      1.20      1.15      1.09      1.00    
 0.907     0.809     0.712     0.622     0.540     0.470     0.410    
 0.361     0.322     0.291     0.269     0.253     0.244     0.241    
ecdm = 2.05 :        0.934     0.922     0.885     0.829     0.758    
 0.679     0.598     0.519     0.447     0.383     0.328     0.282    
 0.245     0.215     0.193     0.177     0.165     0.159     0.157    
ecdm = 2.10 :        0.722     0.711     0.680     0.633     0.574    
 0.508     0.442     0.379     0.321     0.271     0.228     0.194    
 0.166     0.144     0.128     0.116     0.108     0.103     0.102    
ecdm = 2.15 :        0.566     0.558     0.532     0.493     0.445    
 0.392     0.338     0.287     0.242     0.202     0.169     0.142    
 0.121     0.104     0.917e-01 0.827e-01 0.767e-01 0.732e-01 0.721e-01
ecdm = 2.20 :        0.446     0.439     0.418     0.386     0.347    
 0.304     0.261     0.220     0.184     0.152     0.126     0.105    
 0.890e-01 0.763e-01 0.668e-01 0.600e-01 0.554e-01 0.528e-01 0.520e-01
ecdm = 2.25 :        0.351     0.345     0.328     0.302     0.270    
 0.236     0.201     0.168     0.139     0.115     0.945e-01 0.783e-01
 0.656e-01 0.559e-01 0.487e-01 0.435e-01 0.401e-01 0.381e-01 0.375e-01
ecdm = 2.30 :        0.277     0.272     0.258     0.237     0.211    
 0.183     0.155     0.129     0.106     0.865e-01 0.707e-01 0.581e-01
 0.483e-01 0.410e-01 0.355e-01 0.316e-01 0.290e-01 0.275e-01 0.270e-01
ecdm = 2.35 :        0.218     0.214     0.203     0.185     0.164    
 0.142     0.119     0.985e-01 0.804e-01 0.652e-01 0.529e-01 0.431e-01
 0.356e-01 0.300e-01 0.259e-01 0.229e-01 0.210e-01 0.199e-01 0.195e-01
ecdm = 2.40 :        0.971e-01 0.951e-01 0.893e-01 0.806e-01 0.701e-01
 0.590e-01 0.484e-01 0.388e-01 0.307e-01 0.241e-01 0.189e-01 0.150e-01
 0.120e-01 0.985e-02 0.830e-02 0.722e-02 0.651e-02 0.612e-02 0.599e-02
ecdm = 2.45 :        0.375e-01 0.366e-01 0.340e-01 0.302e-01 0.257e-01
 0.211e-01 0.167e-01 0.130e-01 0.989e-02 0.747e-02 0.564e-02 0.430e-02
 0.333e-02 0.265e-02 0.217e-02 0.185e-02 0.164e-02 0.152e-02 0.149e-02
ecdm = 2.50 :        0.145e-01 0.141e-01 0.130e-01 0.113e-01 0.944e-02
 0.753e-02 0.579e-02 0.433e-02 0.318e-02 0.231e-02 0.168e-02 0.124e-02
 0.924e-03 0.711e-03 0.567e-03 0.472e-03 0.412e-03 0.380e-03 0.369e-03
ecdm = 2.55 :        0.560e-02 0.543e-02 0.495e-02 0.425e-02 0.346e-02
 0.269e-02 0.200e-02 0.145e-02 0.102e-02 0.717e-03 0.501e-03 0.355e-03
 0.256e-03 0.191e-03 0.148e-03 0.121e-03 0.104e-03 0.946e-04 0.916e-04
ecdm = 2.60 :        0.699e-02 0.675e-02 0.608e-02 0.513e-02 0.408e-02
 0.307e-02 0.221e-02 0.154e-02 0.104e-02 0.700e-03 0.469e-03 0.319e-03
 0.222e-03 0.159e-03 0.120e-03 0.954e-04 0.805e-04 0.726e-04 0.701e-04
ecdm = 2.65 :        0.893e-02 0.859e-02 0.766e-02 0.635e-02 0.492e-02
 0.360e-02 0.250e-02 0.167e-02 0.109e-02 0.700e-03 0.450e-03 0.293e-03
 0.196e-03 0.136e-03 0.996e-04 0.772e-04 0.640e-04 0.570e-04 0.549e-04
ecdm = 2.70 :        0.114e-01 0.109e-01 0.964e-02 0.785e-02 0.594e-02
 0.421e-02 0.283e-02 0.182e-02 0.114e-02 0.700e-03 0.431e-03 0.269e-03
 0.173e-03 0.116e-03 0.825e-04 0.624e-04 0.508e-04 0.448e-04 0.430e-04
ecdm = 2.75 :        0.146e-01 0.139e-01 0.121e-01 0.970e-02 0.716e-02
 0.493e-02 0.319e-02 0.198e-02 0.119e-02 0.700e-03 0.413e-03 0.248e-03
 0.153e-03 0.995e-04 0.684e-04 0.505e-04 0.404e-04 0.352e-04 0.336e-04
ecdm = 2.80 :        0.186e-01 0.177e-01 0.153e-01 0.120e-01 0.864e-02
 0.577e-02 0.361e-02 0.215e-02 0.124e-02 0.700e-03 0.396e-03 0.228e-03
 0.136e-03 0.850e-04 0.567e-04 0.408e-04 0.321e-04 0.277e-04 0.263e-04
ecdm = 2.85 :        0.238e-01 0.225e-01 0.192e-01 0.148e-01 0.104e-01
 0.675e-02 0.408e-02 0.234e-02 0.129e-02 0.700e-03 0.379e-03 0.210e-03
 0.120e-03 0.726e-04 0.470e-04 0.330e-04 0.255e-04 0.217e-04 0.206e-04
ecdm = 2.90 :        0.304e-01 0.287e-01 0.242e-01 0.183e-01 0.126e-01
 0.790e-02 0.461e-02 0.254e-02 0.135e-02 0.700e-03 0.364e-03 0.193e-03
 0.106e-03 0.620e-04 0.390e-04 0.267e-04 0.202e-04 0.171e-04 0.161e-04
ecdm = 2.95 :        0.388e-01 0.365e-01 0.305e-01 0.227e-01 0.152e-01
 0.925e-02 0.521e-02 0.276e-02 0.141e-02 0.700e-03 0.349e-03 0.177e-03
 0.940e-04 0.530e-04 0.323e-04 0.216e-04 0.161e-04 0.134e-04 0.126e-04
ecdm = 3.00 :        0.496e-01 0.465e-01 0.384e-01 0.280e-01 0.183e-01
 0.108e-01 0.589e-02 0.301e-02 0.147e-02 0.700e-03 0.334e-03 0.163e-03
 0.832e-04 0.453e-04 0.268e-04 0.175e-04 0.128e-04 0.105e-04 0.988e-05
ecdm = 3.05 :        0.634e-01 0.592e-01 0.483e-01 0.346e-01 0.221e-01
 0.127e-01 0.666e-02 0.327e-02 0.153e-02 0.700e-03 0.320e-03 0.150e-03
 0.736e-04 0.387e-04 0.222e-04 0.141e-04 0.101e-04 0.828e-05 0.773e-05
ecdm = 3.10 :        0.809e-01 0.753e-01 0.608e-01 0.428e-01 0.266e-01
 0.148e-01 0.753e-02 0.355e-02 0.160e-02 0.700e-03 0.307e-03 0.138e-03
 0.651e-04 0.330e-04 0.184e-04 0.114e-04 0.806e-05 0.651e-05 0.605e-05
ecdm = 3.15 :        0.103     0.958e-01 0.765e-01 0.529e-01 0.321e-01
 0.174e-01 0.851e-02 0.386e-02 0.167e-02 0.700e-03 0.294e-03 0.127e-03
 0.576e-04 0.282e-04 0.152e-04 0.925e-05 0.641e-05 0.511e-05 0.474e-05
ecdm = 3.20 :        0.132     0.122     0.963e-01 0.655e-01 0.388e-01
 0.203e-01 0.962e-02 0.420e-02 0.174e-02 0.700e-03 0.282e-03 0.117e-03
 0.510e-04 0.241e-04 0.126e-04 0.749e-05 0.509e-05 0.402e-05 0.371e-05
ecdm = 3.25 :        0.169     0.155     0.121     0.809e-01 0.468e-01
 0.238e-01 0.109e-01 0.457e-02 0.181e-02 0.700e-03 0.270e-03 0.107e-03
 0.451e-04 0.206e-04 0.105e-04 0.605e-05 0.404e-05 0.316e-05 0.290e-05
ecdm = 3.30 :        0.216     0.198     0.153     0.100     0.564e-01
 0.278e-01 0.123e-01 0.497e-02 0.189e-02 0.700e-03 0.259e-03 0.986e-04
 0.399e-04 0.176e-04 0.869e-05 0.490e-05 0.321e-05 0.248e-05 0.227e-05
ecdm = 3.35 :        0.275     0.252     0.192     0.124     0.681e-01
 0.326e-01 0.139e-01 0.540e-02 0.198e-02 0.700e-03 0.248e-03 0.907e-04
 0.353e-04 0.150e-04 0.720e-05 0.396e-05 0.255e-05 0.195e-05 0.178e-05
ecdm = 3.40 :        0.352     0.320     0.242     0.153     0.821e-01
 0.381e-01 0.157e-01 0.587e-02 0.206e-02 0.700e-03 0.238e-03 0.834e-04
 0.312e-04 0.128e-04 0.597e-05 0.320e-05 0.203e-05 0.153e-05 0.139e-05
ecdm = 3.45 :        0.449     0.407     0.304     0.189     0.991e-01
 0.446e-01 0.177e-01 0.639e-02 0.215e-02 0.700e-03 0.228e-03 0.767e-04
 0.276e-04 0.110e-04 0.495e-05 0.259e-05 0.161e-05 0.120e-05 0.109e-05
ecdm = 3.50 :        0.574     0.519     0.383     0.234     0.119    
 0.523e-01 0.200e-01 0.695e-02 0.224e-02 0.700e-03 0.218e-03 0.705e-04
 0.244e-04 0.938e-05 0.410e-05 0.210e-05 0.128e-05 0.945e-06 0.853e-06
