 1, !6He                
   1.130E+02  2.0   1.79700
 0, !8He                
 3, !6Li                
   8.200E-06  0.0   3.56288
   2.400E-02  3.0   2.18600
   5.400E-01  2.0   5.36600
 6, !7Li                
   6.250E-09  0.5   0.47761
   8.900E-02  2.5   7.45950
   9.300E-02  3.5   4.63000
   2.600E-01  1.5  11.24000
   4.000E-01  3.5   9.67000
   8.800E-01  2.5   6.68000
 5, !8Li                
   5.703E-08  1.0   0.98080
   1.200E-02  0.0  10.82220
   3.300E-02  3.0   2.25500
   3.500E-02  4.0   6.53000
   6.500E-01  0.5   5.40000
 1, !9Li                
   4.000E-02  4.5   6.43000
 4, !7Be                
   3.430E-09  0.5   0.42908
   1.750E-01  3.5   4.57000
   5.000E-01  2.5   7.21000
   3.200E-01  1.5  11.01000
 9, !9Be                
   3.810E-04  1.5  14.39220
   4.900E-04  0.5  16.97520
   7.700E-04  2.5   2.42940
   4.100E-02  2.5  16.67100
   4.700E-02  3.5  17.49300
   2.000E-01  2.5  17.29800
   2.170E-01  0.5   1.68400
   2.820E-01  2.5   3.04900
   7.430E-01  1.5   4.70400
 9, !10Be               
   5.703E-10  0.0   6.17930
   5.703E-10  2.0   6.26330
   3.650E-09  2.0   3.36803
   8.295E-09  2.0   5.95839
   8.295E-09  1.0   5.95990
   6.300E-03  2.0   7.54200
   1.570E-02  3.0   7.37100
   1.500E-01  4.0   9.27000
   2.910E-01  2.0   9.40000
 5, !11Be               
   3.967E-09  0.5   0.32004
   1.500E-02  1.5   3.95600
   1.000E-01  2.0   1.77800
   1.250E-01  1.5   3.41000
   2.000E-01  1.5   2.69000
 0, !12Be               
 2, !8B                 
   6.000E-02  0.0  10.61900
   3.500E-01  3.0   2.32000
 28, !10B                
   6.453E-13  1.0   0.71835
   3.083E-10  1.0   2.15430
   4.304E-09  2.0   3.58710
   9.125E-08  0.0   1.74015
   1.086E-07  2.0   5.16390
   8.400E-06  3.0   4.77400
   5.000E-05  4.0   6.02500
   9.800E-04  2.0   5.11030
   2.360E-03  3.0   6.12720
   2.650E-03  0.0   7.55990
   6.000E-03  2.0   5.91950
   2.510E-02  4.0   6.56000
   4.000E-02  2.0   8.89400
   6.500E-02  1.0   7.46700
   7.400E-02  2.0   7.47800
   8.400E-02  3.0   8.88900
   1.000E-01  2.0   7.43000
   1.000E-01  1.5   7.00200
   1.000E-01  1.0  12.56000
   1.100E-01  1.0   5.18000
   1.200E-01  1.0   6.87300
   1.900E-01  2.0  19.29000
   2.600E-01  1.0   7.81900
   3.000E-01  1.0  13.49000
   3.000E-01  3.0  10.84000
   3.400E-01  2.0  18.43000
   6.000E-01  1.5  18.80000
   8.000E-01  2.0   8.07000
 26, !11B                
   1.201E-07  0.5   2.12469
   1.900E-06  3.5   9.18500
   4.370E-06  2.5   8.92020
   3.400E-04  1.5   5.02031
   5.700E-04  1.5   7.97784
   5.700E-04  2.5   7.28551
   7.000E-04  1.5   8.56030
   1.180E-03  2.5   4.44489
   1.700E-03  0.5   6.79180
   4.000E-03  2.5   9.27440
   2.200E-02  3.5   6.74290
   1.000E-01  3.5  10.59700
   1.100E-01  2.5  10.33000
   1.100E-01  1.5   9.87600
   1.100E-01  4.5  11.26500
   1.500E-01  1.5  10.26000
   1.700E-01  2.5  11.60000
   2.000E-01  0.5  12.91600
   2.000E-01  2.5  11.88600
   2.100E-01  0.5  12.55700
   2.500E-01  2.5  15.29000
   2.540E-01  2.5  14.34000
   2.600E-01  1.5  18.37000
   4.260E-01  4.5  13.13700
   4.300E-01  3.0  13.16000
   5.000E-01 10.5  14.00000
 19, !12B                
   2.535E-09  2.0   0.95314
   9.311E-09  1.0   2.62080
   1.304E-08  2.0   1.67365
   3.100E-06  3.0   3.38910
   9.000E-03  1.0   4.30100
   2.700E-02  1.0   7.93700
   3.400E-02  3.0   9.58500
   4.000E-02  2.0   3.75900
   5.000E-02  3.0   5.72600
   5.000E-02  1.0   5.00000
   6.000E-02  1.0   7.83600
   6.500E-02  3.0   8.24000
   7.500E-02  3.0   8.58000
   8.500E-02  0.0  12.75000
   9.500E-02  1.0   9.04000
   1.100E-01  4.0   4.51800
   1.100E-01  3.0   5.61200
   1.400E-01  1.0   6.60000
   2.000E-01  2.0  14.80000
 0, !13B                
 2, !10C                
   4.264E-09  2.0   3.35360
   2.000E-01  2.0   6.58000
 19, !11C                
   5.987E-09  0.5   6.33920
   7.242E-09  1.5   7.49970
   9.505E-09  2.5   6.90480
   5.497E-08  2.5   4.31880
   6.003E-08  1.5   4.80420
   6.426E-08  0.5   2.00000
   7.604E-08  3.5   6.47820
   1.141E-05  1.5   8.10450
   1.521E-05  2.5   8.42000
   5.000E-03  3.5   8.65500
   1.500E-02  2.5   8.69900
   1.200E-01  3.5   9.97000
   2.000E-01  4.5  10.67900
   2.100E-01  1.5   9.65000
   2.300E-01  3.5  10.08300
   2.400E-01  2.5   9.78000
   3.600E-01  3.5  12.65000
   4.900E-01  0.5  12.51000
   5.000E-01  2.5   9.20000
 30, !12C                
   1.080E-08  2.0   4.43891
   8.500E-06  0.0   7.65420
   1.810E-05  1.0  12.71000
   4.360E-05  1.0  15.11000
   5.300E-03  2.0  16.10580
   3.000E-02  0.0  27.59500
   3.400E-02  3.0   9.64100
   6.000E-02  2.0  23.04000
   8.000E-02  0.0  17.76000
   1.000E-01  2.0  18.80000
   1.400E-01  1.0  20.27000
   2.000E-01  3.0  20.62000
   2.200E-01  3.0  18.35000
   2.300E-01  1.0  23.52000
   2.300E-01  1.0  19.69000
   2.400E-01  1.0  18.16000
   2.500E-01  2.0  20.00000
   2.580E-01  4.0  14.08300
   2.600E-01  2.0  11.82800
   2.750E-01  1.0  22.40000
   3.000E-01  3.0  20.50000
   3.000E-01  2.0  16.57000
   3.150E-01  1.0  10.84400
   3.500E-01  2.0  18.35000
   3.750E-01  2.0  13.35200
   4.000E-01  1.0  23.92000
   4.800E-01  2.0  19.40000
   4.900E-01  4.0  19.55000
   5.100E-01  1.0  25.30000
   8.000E-01  1.0  22.00000
 40, !13C                
   5.305E-11  2.5   3.85381
   4.148E-07  1.5   3.68451
   4.264E-07  0.5   3.08944
   1.200E-03  2.5   7.54700
   4.000E-03  0.5  11.08000
   5.000E-03  4.5   9.49980
   5.000E-03  3.5   7.49200
   5.490E-03  1.5  15.10820
   6.000E-03  2.5   6.86400
   2.400E-02  2.5  10.81800
   2.600E-02  1.5   9.89700
   3.500E-02  4.5  13.41000
   3.700E-02  0.5  10.99600
   5.500E-02  3.5  10.75300
   6.800E-02  3.5  11.84800
   7.000E-02  1.5   7.68600
   8.000E-02  2.5  12.13000
   1.000E-01  2.0  18.69900
   1.100E-01  1.5  11.74800
   1.140E-01  2.5  21.81000
   1.400E-01  3.5  12.43800
   1.500E-01  1.5  14.13000
   1.500E-01  1.5  12.18700
   1.500E-01  0.5   8.86000
   1.500E-01  3.5  16.08000
   1.500E-01  1.5  15.52600
   1.700E-01  2.0  17.69900
   2.300E-01  4.0  14.58200
   2.300E-01  2.5  16.15000
   2.700E-01  4.0  21.46600
   2.800E-01  1.5  14.39000
   3.000E-01  2.0  13.76000
   3.800E-01  3.5  14.98300
   4.300E-01  0.5  12.14000
   5.000E-01  2.5  19.51000
   5.000E-01  2.5  11.95000
   5.400E-01  1.5  12.10600
   5.600E-01  3.5  20.20000
   6.200E-01  3.5  13.57000
   1.100E+00  1.5   8.20000
 19, !14C                
   6.913E-12  3.0   6.72820
   1.521E-10  0.0   6.58940
   4.110E-09  2.0   7.34100
   1.825E-08  0.0   6.90260
   5.069E-08  2.0   7.01200
   6.518E-08  1.0   6.09380
   3.400E-03  2.0   8.31790
   2.000E-02  4.0  11.66600
   2.000E-02  4.0  10.73600
   2.200E-02  1.0  11.39500
   2.600E-02  3.0  10.49800
   3.000E-02  3.0  12.96300
   4.500E-02  3.0   9.80100
   4.600E-02  1.0  11.30600
   5.700E-02  4.0  14.66700
   9.500E-02  2.0  12.58300
   2.000E-01  1.0  16.71500
   3.000E-01  4.0  24.40000
   9.500E-01  1.0  11.90000
 17, !15C                
   1.748E-13  2.5   0.74000
   1.400E-02  7.5   6.44900
   1.400E-02  2.5   4.22000
   1.500E-02  1.5   7.09500
   2.000E-02  3.5  10.24800
   2.000E-02  8.5   9.78900
   2.000E-02  7.5   7.35200
   2.000E-02  3.5   6.35800
   2.000E-02  4.5   6.88100
   2.000E-02  1.5   6.62600
   3.000E-02 12.5  11.12300
   4.000E-02  7.5   8.55900
   4.000E-02  7.5   8.47000
   4.000E-02  0.5   3.10300
   5.000E-02  2.5   6.41700
   6.400E-02  1.5   5.83300
   7.000E-02 11.5  11.82500
1,   !16C
   2.500E-02  3.0   6.10900
 8, !12N                
   2.000E-02  2.0   0.96000
   6.800E-02  0.0   2.43900
   1.180E-01  2.0   1.19100
   1.800E-01  3.0   5.34800
   2.200E-01  1.0   3.55800
   2.200E-01  2.5   3.13200
   7.500E-01  1.0   1.80000
   8.250E-01  2.0   4.14000
 34, !13N                
   9.300E-04  1.5  15.06460
   9.000E-03  3.5   7.15500
   1.100E-02  2.5   6.36400
   2.300E-02  2.5  18.96100
   3.000E-02  2.5  10.36000
   3.000E-02  1.5   9.47600
   3.170E-02  0.5   2.36490
   4.700E-02  2.5   3.54700
   6.200E-02  1.5   3.50200
   6.600E-02  1.5  18.40600
   7.500E-02  2.5   7.37600
   7.600E-02  3.5  10.36000
   1.150E-01  1.5   6.88600
   1.150E-01  2.5  11.70000
   1.350E-01  3.5  15.99000
   1.650E-01  1.5  14.05000
   2.250E-01  0.5  18.17000
   2.300E-01  0.5   8.91800
   2.400E-01  1.5  25.60000
   2.400E-01  1.5  11.74000
   2.500E-01  3.5  12.13000
   2.800E-01  0.5  10.25000
   2.800E-01  4.5   9.00000
   3.200E-01  1.5  18.15000
   3.500E-01  1.5  15.30000
   3.500E-01  1.5  23.83000
   3.800E-01  0.5  11.86000
   4.000E-01  1.5  23.30000
   4.300E-01  2.5  11.53000
   5.300E-01  1.5  11.74000
   7.500E-01  2.5  21.40000
   7.500E-01  3.5  19.88000
   1.500E+00  1.5   7.90000
   6.500E+00  1.5  13.50000
 95, !14N                
   5.497E-11  3.0   5.83425
   1.049E-10  2.0   5.10589
   1.061E-09  3.0   6.44617
   4.110E-09  1.0   6.20350
   6.250E-09  5.0   8.96400
   6.709E-09  0.0   2.31280
   3.456E-08  4.0   8.49000
   4.148E-08  1.0   5.69144
   5.069E-08  3.0   9.12900
   8.608E-08  0.0   4.91510
   9.505E-08  1.0   3.94810
   1.233E-07  2.0   7.02912
   3.900E-07  5.0  10.81200
   2.500E-06  2.0   7.96690
   1.220E-04  2.0   9.17225
   1.200E-03  3.0  11.05000
   3.800E-03  0.0   8.61800
   5.000E-03  4.0  12.81300
   7.000E-03  2.5  11.51350
   8.000E-03  2.0   8.98000
   1.000E-02  3.0  10.07900
   1.100E-02  3.0  11.24000
   1.200E-02  1.5  10.10100
   1.300E-02  2.0   9.38800
   1.500E-02  1.0  13.16700
   1.500E-02  1.0   9.70300
   1.600E-02  3.0   8.90700
   1.600E-02  4.0  12.78900
   1.800E-02  3.0  12.69000
   2.200E-02  4.0  12.92200
   2.300E-02  1.0   8.06200
   3.000E-02  1.0  11.35700
   3.300E-02  2.0  10.43200
   3.400E-02  4.0  12.40800
   3.900E-02  1.0  12.49500
   4.000E-02  1.5  11.74100
   4.100E-02  3.5  12.41800
   4.100E-02  2.0   9.50900
   4.800E-02  3.0  12.59400
   6.000E-02  3.5  15.02000
   6.200E-02  5.0  18.50000
   6.500E-02  3.0  13.19200
   6.500E-02  4.0  22.26000
   7.800E-02  3.5  11.76100
   8.000E-02  1.0  10.22600
   9.000E-02  2.5  13.65600
   9.200E-02  2.0  13.24300
   1.000E-01  1.0  11.07000
   1.000E-01  5.0  14.66000
   1.010E-01  2.0  11.87400
   1.050E-01  2.5  13.71400
   1.190E-01  2.0  11.80700
   1.200E-01  1.0  13.77000
   1.250E-01  2.0  14.73000
   1.400E-01  1.0  10.53400
   1.500E-01  1.5  11.67600
   1.700E-01  5.0  16.91000
   1.800E-01  1.0  13.74000
   1.800E-01  2.0  11.27000
   2.350E-01  3.0  21.51000
   2.400E-01  4.0  16.65000
   2.450E-01  4.0  17.40000
   2.450E-01  3.0  17.03000
   2.750E-01  4.0  17.31000
   2.900E-01  4.0  16.91000
   3.000E-01  1.5  12.20000
   3.000E-01  1.0  17.17000
   3.100E-01  3.0  18.53000
   3.150E-01  1.0  18.78000
   3.150E-01  4.0  18.43000
   3.400E-01  2.0  17.93000
   3.600E-01  4.0  21.68000
   3.600E-01  5.0  21.53000
   4.100E-01  0.0   8.77600
   4.100E-01  2.0  18.53000
   4.150E-01  4.0  21.24000
   4.200E-01  3.0  14.25000
   4.400E-01  3.0  17.85000
   4.500E-01  2.5  18.93000
   4.750E-01  4.0  18.88000
   4.750E-01  4.0  17.85000
   4.800E-01  4.0  18.14000
   5.100E-01  1.0  19.99000
   5.600E-01  1.0  18.35000
   5.700E-01  5.0  22.31000
   5.700E-01  3.0  18.02000
   5.750E-01  2.0  19.90000
   6.100E-01  5.0  20.65000
   6.400E-01  5.0  23.40000
   6.500E-01  4.0  21.80000
   6.750E-01  3.0  18.64000
   8.300E-01  2.0  16.92000
   8.700E-01  3.0  19.10000
   1.100E+00  4.0  20.60000
   3.000E+00  2.0  23.00000
 61, !15N                
   2.549E-10  2.5   5.27015
   5.069E-09  0.5   9.22210
   2.684E-08  0.5   5.29882
   3.802E-08  3.5   9.82900
   3.802E-08  2.5   7.15505
   3.802E-08  4.5  10.69320
   5.703E-08  3.5   7.56710
   9.125E-08  2.5   9.15490
   2.535E-07  2.5   9.76000
   3.802E-07  0.5   8.31262
   4.703E-07  1.5   9.15190
   9.125E-07  1.5   8.57140
   1.000E-06  1.5  10.80400
   1.086E-06  1.5   7.30083
   1.304E-06  0.5   9.04971
   2.173E-06  1.5   9.92500
   3.125E-06  1.5   6.32378
   6.612E-06  1.5  10.06600
   2.000E-04  1.5  10.70190
   5.000E-04  2.5  10.44970
   3.000E-03  4.5  11.94200
   3.300E-03  1.5  11.23500
   7.000E-03  4.5  13.17400
   8.000E-03  0.5  11.29280
   1.400E-02  2.5  12.09500
   1.600E-02  1.5  13.36200
   1.700E-02  0.5  11.96500
   1.800E-02  2.5  13.60800
   2.200E-02  2.5  12.32700
   2.200E-02  4.0  14.09000
   2.500E-02  1.5  11.87600
   2.700E-02  1.5  14.16200
   4.000E-02  1.5  11.76300
   4.000E-02  2.5  12.49300
   4.100E-02  1.5  12.14500
   4.140E-02  0.5  11.43760
   5.600E-02  1.5  13.39000
   5.600E-02  1.5  12.92000
   5.800E-02  2.5  12.52200
   7.500E-02  1.5  13.84000
   8.000E-02  0.5  16.67700
   8.100E-02  2.5  12.94000
   8.500E-02  1.5  13.53700
   9.800E-02  2.5  13.99000
   1.000E-01  3.5  14.38000
   1.000E-01  1.5  14.10000
   1.100E-01  2.5  16.85000
   1.100E-01  2.5  14.72000
   1.300E-01  0.5  19.20000
   1.500E-01  1.5  16.26000
   1.500E-01  2.5  14.24000
   2.500E-01  1.0  17.15000
   4.000E-01  1.5  20.50000
   4.000E-01  1.5  19.50000
   4.050E-01  0.5  11.61500
   4.500E-01  1.5  17.58000
   4.500E-01  1.5  16.19000
   4.900E-01  1.5  16.59000
   6.000E-01  1.5  17.67000
   7.500E-01  1.0  18.90000
   9.300E-01  0.5  13.90000
 41, !16N                
   8.690E-17  0.0   0.12042
   4.997E-12  3.0   0.29822
   1.170E-10  1.0   0.39727
   2.000E-03  3.0   3.96300
   3.000E-03  2.0   3.52300
   4.000E-03  3.0   5.23000
   1.100E-02  4.0   7.63700
   1.100E-02  3.0   7.57200
   1.100E-02  3.0   5.15000
   1.100E-02  2.0   5.12900
   1.100E-02  4.0   6.60800
   1.100E-02  4.0   6.17070
   1.100E-02  5.0   5.73170
   1.100E-02  3.0   5.52160
   1.200E-02  2.0  11.70100
   1.200E-02  0.0   9.92800
   1.500E-02  1.0   3.35300
   1.700E-02  2.0   7.25000
   1.800E-02  1.0   8.36500
   1.900E-02  2.0   5.05400
   2.000E-02  1.0   4.32000
   2.200E-02  1.0   7.02000
   2.800E-02  3.5   8.19900
   3.000E-02  3.0   6.37400
   3.000E-02  3.0  10.05500
   3.400E-02  1.0   6.50500
   4.000E-02  1.0   8.72000
   5.000E-02  1.0   8.49000
   5.900E-02  2.0   4.78300
   8.200E-02  1.0   4.39100
   1.000E-01  4.0   7.87700
   1.000E-01  2.0   9.45900
   1.000E-01  2.0   9.16000
   1.200E-01  2.0  10.71000
   1.650E-01  2.0  10.37000
   1.800E-01  3.0  14.36000
   2.200E-01  3.0  11.61000
   2.500E-01  1.0   4.76000
   2.600E-01  0.5   5.31800
   2.700E-01  1.0   6.00300
   3.200E-01  2.0   5.25000
 16, !17N                
   2.389E-12  3.5   3.12890
   1.629E-11  0.5   1.84960
   1.992E-11  2.5   2.52600
   5.497E-11  4.0   3.62870
   6.003E-11  2.5   1.90680
   1.878E-09  0.5   3.66300
   5.497E-09  1.0   5.77200
   6.518E-09  1.5   5.51500
   6.913E-09  1.5   5.19500
   7.129E-09  1.5   1.37390
   9.311E-09  2.5   4.20900
   1.086E-08  4.5   5.17000
   1.086E-08  2.0   4.41500
   1.267E-08  2.0   3.90600
   2.173E-08  1.5   3.20420
   4.148E-08  1.5   4.00640
 6, !14O                
   3.810E-02  1.0   5.17300
   5.000E-02  0.0   5.92000
   6.000E-02  2.0   6.59000
   7.600E-02  2.0   7.76800
   1.000E-01  4.0   9.91500
   1.030E-01  3.0   6.27200
 45, !15O                
   2.028E-10  2.5   5.24090
   9.311E-10  3.5   7.27590
   2.281E-08  1.5   6.79310
   4.110E-08  2.5   6.85940
   8.004E-08  0.5   5.18300
   2.622E-07  1.5   6.17630
   9.900E-04  0.5   7.55650
   2.000E-03  4.5  10.46100
   2.000E-03  4.0   9.66200
   3.000E-03  2.5  10.29000
   3.300E-03  2.5   8.92200
   3.600E-03  1.5   8.28400
   3.900E-03  0.5   8.98210
   7.500E-03  0.5   8.92200
   8.800E-03  1.5   9.60900
   1.010E-02  2.5   9.48800
   1.100E-02  2.5  10.30000
   2.000E-02  2.5  11.98000
   2.000E-02  2.5  11.56900
   2.500E-02  0.5  11.02500
   2.500E-02  1.5  10.48000
   3.200E-02  0.5   8.74300
   4.000E-02  1.5  11.21800
   6.500E-02  2.5  11.84600
   7.700E-02  2.5  12.47100
   8.000E-02  1.0  11.61600
   9.000E-02  3.5  10.91700
   9.900E-02  2.5  11.74800
   9.900E-02  0.5  10.93800
   1.000E-01  2.0  14.46500
   1.350E-01  2.5  12.25500
   1.600E-01  4.0  14.03000
   2.000E-01  2.5  12.12900
   2.000E-01  1.5   9.48400
   2.000E-01  1.0  17.99000
   2.400E-01  2.5  14.34000
   3.400E-01  0.5  14.27000
   3.500E-01  1.0  15.90000
   5.200E-01  1.0  18.67000
   5.600E-01  0.5  16.43000
   6.400E-01  1.0  17.51000
   7.000E-01  1.0  17.05000
   7.300E-01  1.0  21.56000
   7.800E-01  1.0  19.57000
   9.700E-01  1.0  20.42000
 115, !16O                
   6.810E-12  0.0   6.04940
   2.480E-11  3.0   6.12989
   3.650E-09  2.0   8.87190
   5.497E-08  1.0   7.11685
   8.295E-08  0.0  10.95700
   9.707E-08  2.0   6.91710
   1.110E-04  2.0  12.53000
   2.800E-04  4.0  11.09670
   6.200E-04  2.0   9.84450
   1.340E-03  2.0  12.96860
   1.500E-03  0.0  12.04900
   8.000E-03  4.0  18.97700
   1.100E-02  5.0  20.54100
   1.200E-02  3.0  11.08000
   1.250E-02  0.0  22.72100
   1.400E-02  4.0  18.01600
   1.900E-02  1.0  16.20900
   2.000E-02  2.0  13.98000
   2.100E-02  3.0  13.25900
   2.200E-02  5.0  18.64000
   2.300E-02  4.0  19.37500
   2.400E-02  2.0  17.87700
   2.500E-02  2.0  16.44230
   2.600E-02  3.0  18.02900
   2.600E-02  6.0  23.87900
   2.600E-02  4.0  10.35600
   2.700E-02  5.0  14.39900
   2.800E-02  3.0  16.81700
   3.200E-02  4.0  19.80800
   3.400E-02  4.0  14.30200
   3.400E-02  1.0  17.14000
   3.500E-02  1.5  18.48400
   4.000E-02  3.0  15.78500
   4.000E-02  0.0  12.79600
   4.200E-02  3.0  19.89500
   4.300E-02  3.0  21.77600
   4.500E-02  4.0  17.77500
   5.000E-02  2.0  24.52200
   5.000E-02  4.0  20.51000
   5.000E-02  5.0  19.25300
   5.400E-02  2.0  14.92600
   6.000E-02  0.0  22.04000
   6.000E-02  7.0  21.62300
   6.100E-02  2.0  16.35200
   6.300E-02  2.0  15.19600
   6.400E-02  1.0  13.66400
   6.500E-02  6.0  19.31900
   6.800E-02  3.0  19.20600
   7.000E-02  6.0  14.81530
   7.100E-02  2.0  11.52000
   7.500E-02  1.0  17.72000
   7.800E-02  1.0  17.28200
   8.900E-02  4.0  13.86900
   9.000E-02  2.0  18.43000
   9.100E-02  1.0  12.44000
   1.070E-01  2.0  17.12900
   1.100E-01  3.0  13.12900
   1.140E-01  2.0  17.60900
   1.150E-01  6.0  21.64800
   1.200E-01  2.5  21.50000
   1.200E-01  2.0  19.08000
   1.200E-01  1.0  18.79000
   1.300E-01  1.0  13.09000
   1.320E-01  3.0  15.40800
   1.500E-01  2.0  13.02000
   1.500E-01  3.5  18.60000
   1.550E-01  2.0  19.25700
   1.600E-01  2.0  17.19700
   1.660E-01  0.0  15.09700
   1.750E-01  2.0  22.35000
   1.800E-01  6.0  17.55500
   1.800E-01  1.0  17.51000
   1.850E-01  0.0  14.03200
   1.900E-01  3.0  20.41200
   2.000E-01  1.0  19.47000
   2.050E-01  6.0  21.05200
   2.150E-01  1.0  18.77300
   2.200E-01  2.0  18.20200
   2.550E-01  2.0  19.53900
   2.600E-01  4.0  18.78500
   2.800E-01  2.0  16.93000
   2.880E-01  0.0  18.08900
   2.900E-01  2.0  19.75400
   2.980E-01  2.0  21.05000
   3.000E-01  5.0  23.51000
   3.000E-01  1.0  22.89000
   3.000E-01  1.0  20.94500
   3.000E-01  2.0  15.26000
   3.000E-01  4.0  18.60000
   3.400E-01  3.0  24.76000
   3.800E-01  1.0  17.09000
   4.000E-01  4.0  17.78400
   4.000E-01  3.0  22.50000
   4.000E-01  2.0  20.05500
   4.200E-01  1.0   9.58500
   4.200E-01  6.0  16.27500
   4.200E-01  2.0  19.00100
   4.240E-01  2.5  24.36000
   4.500E-01  3.0  25.60000
   4.900E-01  4.0  14.62000
   5.000E-01  6.0  23.00000
   5.500E-01  5.0  18.40400
   5.500E-01  3.0  26.36300
   5.500E-01  1.0  24.07000
   5.600E-01  1.0  23.23500
   5.700E-01  4.0  16.84400
   5.800E-01  1.0  16.20000
   6.700E-01  5.0  14.66000
   6.800E-01  1.0  22.15000
   7.000E-01  3.0  15.82800
   7.500E-01  8.5  29.80000
   7.500E-01  1.0  26.00000
   8.000E-01  3.0  11.60000
   8.300E-01  3.0  27.40000
   9.000E-01  7.0  20.85700
 81, !17O                
   2.546E-12  0.5   0.87073
   5.703E-09  0.5   3.05536
   2.535E-08  2.5   3.84280
   1.000E-04  4.5   5.21580
   1.000E-04  3.5   7.57600
   6.400E-04  2.5   7.37920
   9.600E-04  2.5   7.38220
   1.000E-03  3.5   6.97200
   1.000E-03  2.5   6.86200
   1.000E-03  2.5   5.73280
   1.380E-03  2.5   7.16570
   2.130E-03  3.5   8.46600
   2.400E-03  0.5  11.07870
   2.500E-03  2.5  12.99820
   3.000E-03  3.5   9.18000
   3.400E-03  3.5   5.69730
   3.530E-03  2.5   9.19390
   4.000E-03  0.5   9.14700
   4.010E-03  2.5   9.85890
   6.000E-03  4.0   8.88500
   6.000E-03  0.5  12.94400
   6.170E-03  2.5   8.40230
   6.600E-03  1.5   5.86910
   6.890E-03  2.5   8.50070
   6.900E-03  1.5  12.46600
   9.000E-03  2.5  13.63530
   1.140E-02  0.5   8.34240
   1.170E-02  1.5   9.78330
   1.440E-02  3.5   7.68820
   1.500E-02  2.5   9.49200
   1.670E-02  0.5   9.87650
   2.000E-02  4.5  20.70000
   2.000E-02 10.5  17.06000
   2.050E-02  3.5  14.23030
   2.100E-02  4.5  16.24300
   2.310E-02  3.5   9.71190
   2.600E-02  3.5   8.96720
   2.800E-02  1.5   5.37920
   3.000E-02 11.5  15.78000
   3.100E-02 10.5  20.14000
   3.200E-02  0.5   5.93900
   3.500E-02  4.5  14.72000
   3.600E-02  0.5  14.79100
   4.000E-02  1.5   4.55380
   4.000E-02  2.5  15.36800
   4.170E-02  2.5  10.91300
   4.250E-02  3.5  10.55910
   4.600E-02  1.5  18.11000
   4.910E-02  3.5  10.16780
   5.530E-02  1.5   8.68700
   6.000E-02  1.5   8.20000
   6.800E-02  1.0  13.58000
   7.400E-02  2.0  10.77700
   7.500E-02  3.0  10.49000
   8.000E-02  2.5   9.97600
   8.500E-02  1.5   8.07000
   9.000E-02  0.5   7.95600
   9.600E-02  1.5   5.08480
   1.000E-01  7.5  14.20000
   1.010E-01  1.5   8.89700
   1.200E-01  1.5   9.42000
   1.240E-01  0.5   6.35600
   1.500E-01  3.0  10.33600
   1.900E-01  1.5  11.51000
   2.500E-01 12.0  20.20000
   2.500E-01 12.0  19.60000
   2.700E-01  1.5  12.00500
   2.700E-01  0.5   7.99000
   2.800E-01  1.5   7.20200
   3.000E-01  1.0  16.58000
   3.400E-01  1.5  14.80000
   4.000E-01  0.5  23.00000
   4.700E-01  1.5  21.05000
   5.000E-01  7.5  15.10000
   5.000E-01  1.5   7.55900
   5.500E-01  1.5  19.82000
   5.700E-01  0.5  20.58000
   6.600E-01  3.0  20.39000
   7.000E-01  7.5  16.00000
   7.500E-01  3.5  22.10000
   7.500E-01  2.5  21.70000
 58, !18O                
   2.653E-11  4.0   3.55484
   2.352E-10  2.0   1.98207
   4.752E-10  0.0   3.63376
   3.282E-09  0.0   5.33640
   1.014E-08  1.0   4.45554
   1.061E-08  3.0   5.09778
   1.901E-08  2.0   6.35130
   2.173E-08  3.0   6.40440
   2.173E-08  3.0   5.37780
   2.480E-08  2.0   3.92044
   2.684E-08  4.0   7.11690
   2.684E-08  0.0   6.88045
   2.684E-08  2.0   5.53024
   6.518E-08  2.0   5.25480
   1.755E-07  1.0   6.19822
   1.000E-03  2.0   8.21300
   2.500E-03  1.0   8.03780
   2.500E-03  1.0   7.61590
   8.000E-03  2.0   8.41000
   8.000E-03  3.0   8.28200
   1.600E-02  3.0  10.11800
   2.000E-02  4.0  20.36000
   2.000E-02  3.0  19.24000
   2.000E-02  4.0  18.70000
   2.000E-02  3.0  17.02500
   2.000E-02  2.0  16.39900
   2.700E-02  3.0   9.36100
   5.000E-02  2.0  11.52000
   5.000E-02  2.0  10.99000
   5.000E-02  4.0  21.42000
   5.000E-02  2.0  10.67000
   5.000E-02  2.0  10.43000
   5.000E-02  4.0  10.29500
   5.000E-02  3.0  16.88000
   5.000E-02  2.0  12.66000
   5.000E-02  2.0   7.77107
   5.000E-02  1.5  12.09000
   5.000E-02  2.0  11.90000
   6.000E-02  3.0   9.67200
   6.800E-02  4.0  12.99000
   7.000E-02  1.0   8.81700
   7.500E-02  3.0  18.45000
   9.100E-02  4.0  22.40000
   1.080E-01  2.0  13.40000
   1.120E-01  3.0  11.67000
   1.400E-01  6.0  14.17000
   1.430E-01  3.0  12.41000
   1.500E-01  1.0  21.00000
   2.000E-01  6.0  13.85000
   3.500E-01  7.0  18.95000
   3.500E-01  7.0  17.05000
   6.000E-01  4.0  17.46000
   6.000E-01  1.0  17.39800
   6.000E-01  1.0  13.80000
   7.000E-01  1.0  15.80000
   7.000E-01  1.0  13.10000
   8.000E-01  1.0  14.70000
   9.000E-01  1.0  19.40000
 18, !19O                
   3.282E-13  1.5   0.09600
   1.901E-10  4.5   2.37150
   5.185E-10  0.5   1.47170
   6.518E-10  2.5   3.15350
   6.518E-10  1.5   3.06740
   7.129E-09  3.5   2.77900
   3.400E-03  2.5   5.14840
   7.800E-03  3.0   5.70460
   1.500E-02  1.5   4.10930
   1.500E-02  2.0   5.00700
   1.500E-02  2.5   4.70260
   1.500E-02  2.5   4.40250
   1.500E-02  2.0   4.32810
   1.920E-02  3.5   6.26930
   4.900E-02  0.5   5.08200
   5.200E-02  1.5   4.58200
   1.100E-01  1.5   6.11960
   4.900E-01  1.5   5.54000
 1, !20O                
   6.250E-11  2.0   1.67368
 50, !17F                
   1.595E-12  0.5   0.49533
   1.800E-04  0.5  11.19290
   6.000E-04  2.5   5.68200
   1.500E-03  2.5   3.85700
   1.800E-03  2.5   6.69700
   2.000E-03  0.5  13.08000
   2.000E-03  2.5  13.06100
   2.830E-03  1.5  12.55010
   3.800E-03  2.5   7.02700
   4.500E-03  1.5   6.77400
   1.000E-02  1.5   7.35600
   1.100E-02  2.5   8.38300
   1.200E-02  2.5  13.78100
   1.900E-02  0.5   3.10400
   1.930E-02  3.5  14.30400
   3.000E-02  1.5  14.17600
   3.000E-02  0.5   6.03700
   3.000E-02  3.5   7.54600
   4.000E-02  3.5   5.67200
   4.500E-02  3.5   8.41600
   6.800E-02  1.5   5.48800
   9.000E-02  4.5   9.92000
   9.000E-02  1.5   8.76000
   1.000E-01  2.5   8.07000
   1.400E-01  1.5   9.17000
   1.600E-01  2.5  10.40000
   1.650E-01  3.5  10.49900
   1.650E-01  3.5   8.98000
   1.700E-01  2.5   8.75000
   1.790E-01  0.5   7.75000
   1.800E-01  1.5   5.82000
   1.900E-01  0.5  14.80900
   1.900E-01  0.5  12.35500
   2.000E-01  0.5   6.56000
   2.250E-01  1.5   4.64000
   2.600E-01  3.5  14.00000
   2.800E-01  3.5  10.04000
   3.000E-01  1.5  12.25000
   4.000E-01  4.5  21.80000
   4.700E-01  0.5  14.70000
   5.200E-01  2.5  13.10000
   5.600E-01  0.5  10.90000
   6.000E-01  3.5  23.80000
   6.000E-01  3.5  22.70000
   6.000E-01  4.5  20.90000
   6.000E-01  3.5  12.50000
   6.100E-01  2.5  14.38000
   7.000E-01  1.5   8.20000
   7.950E-01  1.5   7.47900
   1.530E+00  1.5   5.00000
 192, !18F                
   2.816E-15  5.0   1.12136
   9.728E-12  3.0   0.93720
   1.267E-10  5.0   4.84830
   1.304E-10  2.0   2.10061
   3.456E-10  3.0   3.79149
   6.892E-10  1.0   1.70081
   1.118E-09  2.0   2.52335
   1.521E-09  3.0   3.35820
   1.690E-09  1.0   3.13387
   6.003E-09  2.0   4.22580
   7.242E-09  3.0   4.11590
   9.918E-09  1.0   4.86000
   1.037E-08  3.0   5.50200
   1.141E-08  4.0   4.39810
   2.173E-08  4.0   5.29760
   2.389E-08  0.0   1.08054
   2.401E-08  1.0   4.36015
   3.456E-08  2.0   3.83917
   4.562E-08  2.0   5.78600
   6.518E-08  4.0   4.65200
   1.521E-07  2.0   4.96360
   2.401E-07  1.0   3.72419
   2.578E-07  0.0   1.04155
   5.497E-07  2.0   3.06184
   2.200E-06  1.5   7.66060
   2.600E-06 10.5   9.87400
   6.900E-06 10.5   7.16620
   3.400E-05  1.0   6.10800
   4.330E-05  1.0   5.60338
   4.700E-05  2.5   8.31000
   1.600E-04  2.5   7.53960
   1.800E-04  3.0   6.24200
   1.900E-04  3.0   6.24040
   2.400E-04  4.0   6.09640
   3.000E-04  2.5   9.82000
   3.000E-04  0.5   8.13770
   4.000E-04  3.0   6.48490
   4.900E-04  2.0   6.38550
   5.000E-04  2.5   8.58350
   5.600E-04  5.0   6.56700
   5.700E-04  3.5   9.09970
   6.000E-04  2.0   6.64370
   6.000E-04  1.0   6.26200
   8.000E-04  1.0   5.67257
   8.000E-04  2.5   8.19900
   9.500E-04  3.0   6.31050
   1.000E-03  4.5   9.92600
   1.000E-03  0.0   6.13647
   1.000E-03 11.0   9.83400
   1.000E-03  7.5   9.71000
   1.000E-03  3.0   9.50900
   1.000E-03  4.0   9.10100
   1.000E-03 10.5   8.95300
   1.000E-03  3.5   8.86400
   1.000E-03  3.5   8.62900
   1.000E-03 11.5   8.28800
   1.000E-03  0.5  10.23200
   1.200E-03  1.0   5.60486
   1.500E-03  3.0  10.08800
   1.500E-03  4.0   9.28000
   1.500E-03  3.0   8.25430
   1.500E-03 11.5  10.41100
   2.000E-03  7.5   9.26700
   2.000E-03  3.5   6.87740
   2.000E-03  1.5   8.59190
   2.000E-03  2.0   6.80310
   2.400E-03  3.5   6.92650
   3.000E-03  2.0   6.81100
   3.000E-03  4.5  10.36500
   3.400E-03  1.5   9.31800
   3.600E-03  1.5   9.66750
   3.600E-03  1.5   8.92670
   4.000E-03  1.5  11.50200
   4.000E-03  1.5  10.55500
   4.200E-03  3.0   9.03000
   4.300E-03  1.5  10.13700
   4.500E-03  0.5  13.27000
   4.700E-03  2.5  10.61430
   5.000E-03  0.5   9.32100
   5.000E-03  3.0   6.85700
   5.700E-03  1.5  10.49630
   6.000E-03  2.0   9.65400
   6.000E-03  1.0   7.45400
   6.000E-03  1.5   9.32900
   6.000E-03  3.0   7.74000
   6.000E-03  1.5   7.26200
   6.000E-03  0.5  10.76330
   6.200E-03  0.5   9.16700
   6.300E-03  2.5   9.53640
   6.500E-03  4.0   7.20100
   7.000E-03  0.5  13.24500
   7.500E-03  3.0   8.37000
   8.000E-03  2.0   9.64200
   8.900E-03  3.5   9.58600
   9.200E-03  4.0   6.77700
   9.200E-03  1.5  10.30800
   1.000E-02  0.5  13.06800
   1.000E-02  2.0   6.28320
   1.020E-02  1.5   9.20400
   1.200E-02  4.0   7.50600
   1.200E-02  2.0   7.47800
   1.400E-02  3.0   6.16320
   1.400E-02  2.0  10.97500
   1.460E-02  1.0   7.40600
   1.500E-02  0.5  12.52200
   1.600E-02  1.0   7.33600
   1.650E-02  2.0   7.52800
   1.700E-02  0.5  11.18800
   2.000E-02  2.0   7.87800
   2.000E-02  4.0   8.23800
   2.100E-02  0.5  14.14700
   2.200E-02  0.5  13.53200
   2.200E-02  2.5  11.54000
   2.200E-02  2.5  11.28600
   2.200E-02  2.5  10.58100
   2.200E-02  0.5  10.25400
   2.500E-02  0.5   9.88700
   2.600E-02  1.5   9.56600
   2.800E-02  2.5   9.52700
   2.800E-02  3.5  13.31700
   2.800E-02  1.5   6.89100
   3.000E-02  1.0   7.55500
   3.000E-02  0.5   7.70200
   3.100E-02  0.5  10.16200
   3.200E-02  1.0   7.48500
   3.200E-02  1.5  17.45000
   3.200E-02  3.5   7.11400
   3.300E-02  1.5  11.65300
   3.500E-02  0.5  11.07200
   3.600E-02  3.5   7.68500
   3.800E-02  3.0   7.29100
   3.800E-02  1.5  13.36000
   3.800E-02  0.5  11.45000
   3.800E-02  2.0   7.89900
   4.600E-02  0.5   8.79320
   4.600E-02  2.5  14.46000
   4.650E-02  1.0   7.24700
   4.800E-02  2.5  12.57700
   5.100E-02  1.5  14.25500
   5.100E-02  0.5   6.98900
   5.200E-02  3.0   7.31500
   5.200E-02  3.5  13.73200
   5.200E-02  2.0   8.20900
   6.000E-02  4.5  16.72000
   6.000E-02  4.5  14.10000
   6.000E-02  4.5  14.02000
   6.000E-02  4.5  13.83000
   6.000E-02  4.0   8.06400
   6.300E-02  1.5  11.60300
   6.600E-02  1.0   7.72900
   6.700E-02  1.5   9.57500
   7.000E-02  5.0   6.56700
   7.100E-02  2.5  12.94000
   7.100E-02  0.5  12.04000
   7.400E-02  1.5  12.22200
   7.600E-02  1.5  14.33000
   8.000E-02  1.0   6.63300
   8.400E-02  1.5  14.10000
   8.800E-02  2.0   6.80900
   9.000E-02  3.5   7.56000
   9.100E-02  1.0   6.64700
   9.500E-02  3.5  17.65000
   9.500E-02  2.5  12.78000
   1.010E-01  0.5  13.87800
   1.050E-01  1.5  12.13600
   1.120E-01  1.0   7.94100
   1.240E-01  1.5  14.70000
   1.240E-01  0.5  12.98000
   1.410E-01  2.5  14.04000
   1.500E-01  1.5  15.77000
   1.540E-01  0.5  14.35200
   1.790E-01  1.5  14.46000
   2.000E-01  1.5  16.28000
   2.200E-01  4.5  16.07000
   2.400E-01  2.5  10.85970
   2.550E-01  1.5  17.93000
   2.570E-01  0.5  14.72000
   2.720E-01  0.5  11.35000
   2.760E-01  1.5  12.86000
   2.850E-01  1.5  13.09000
   2.850E-01  0.5  12.58000
   3.000E-01  0.5   8.65000
   3.170E-01  1.5  20.93000
   3.230E-01  3.5  17.16000
   3.310E-01  1.5  17.05000
   3.610E-01  0.5  14.74000
   3.650E-01  3.5  18.03000
   3.690E-01  2.5  19.80000
   4.120E-01  0.5  20.81000
   4.480E-01  3.5  21.05000
   4.730E-01  1.5  19.89000
   5.600E-01  1.5  19.07000
 45, !20F                
   8.295E-12  4.0   0.82273
   3.355E-10  1.0   0.98359
   3.510E-10  2.0   1.30919
   1.086E-09  3.0   1.97083
   1.496E-09  3.0   0.65602
   9.918E-09  2.0   1.84380
   1.014E-08  5.0   1.82380
   2.281E-08  3.0   2.86486
   2.963E-08  1.5   3.68017
   5.633E-08  1.0   3.48841
   8.946E-08  1.0   1.05685
   9.125E-08  0.5   4.27709
   9.505E-08  1.0   3.96507
   1.086E-07  1.5   5.55534
   1.201E-07  0.0   3.52631
   1.267E-07  3.0   2.96611
   1.304E-07  0.5   4.31200
   1.342E-07  1.0   5.31917
   1.521E-07  2.0   4.37147
   1.573E-07  3.0   2.19430
   1.690E-07  2.0   2.04398
   1.825E-07  1.0   4.08217
   1.984E-07  2.0   6.01778
   3.259E-07  2.0   5.93613
   4.703E-07  1.5   5.22610
   6.003E-07  1.5   3.58654
   8.000E-05  3.5   6.64260
   3.100E-04  2.0   6.62700
   6.000E-04  3.0   6.76610
   1.590E-03  1.0   6.64750
   5.000E-03  1.0   6.96780
   8.000E-03  2.0   7.16600
   1.000E-02  2.0   7.42000
   1.000E-02  2.0   6.85670
   1.380E-02  1.0   6.69340
   1.400E-02  1.0   7.98500
   1.900E-02  1.0   7.37000
   2.400E-02  1.0   7.08000
   3.300E-02  1.0   7.31900
   5.000E-02  1.0   7.84300
   6.500E-02  2.0   7.65500
   7.000E-02  1.5  10.64100
   8.000E-02  2.0   7.49500
   2.000E-01  0.5  10.22800
   3.100E-01  0.5  10.80700
 4, !21F                
   7.479E-14  0.5   0.27992
   6.518E-10  2.0   3.45965
   6.518E-10  2.0   3.51766
   1.496E-09  1.0   1.10090
 11, !18Ne               
   1.521E-10  0.0   3.57630
   1.521E-10  4.0   3.37620
   9.918E-10  2.0   1.88730
   1.037E-08  2.0   3.61640
   2.000E-02  0.0   4.59000
   2.000E-02  1.0   4.51900
   2.500E-02  2.5   5.14600
   4.000E-02  2.5   5.09000
   5.000E-02  1.5   7.91000
   6.000E-02  4.0   6.29700
   1.800E-01  1.5   7.05900
 19, !19Ne               
   2.535E-14  2.5   0.23827
   1.071E-11  0.5   0.27509
   4.703E-10  2.5   1.50756
   6.518E-10 11.5   4.63500
   1.901E-09  3.5   4.19710
   2.281E-09  4.5   4.14000
   4.148E-09  2.5   4.60000
   4.608E-09  1.5   1.61560
   4.703E-09  4.5   2.79470
   5.703E-09  3.5   4.37910
   8.295E-09  1.0   4.54900
   1.304E-08  1.5   4.03290
   2.401E-08  1.5   1.53600
   2.500E-02  1.5  11.51000
   4.500E-02  1.5  10.40700
   1.800E-01  0.5  12.69000
   1.800E-01  3.5  12.40000
   2.000E-01  2.5  12.23000
   3.550E-01  0.5  10.46000
 200, !20Ne               
   1.383E-10  2.0   4.96651
   6.250E-10  2.0   1.63367
   1.496E-09  4.0   7.00400
   3.282E-09  3.0   5.62140
   7.129E-09  4.0   4.24770
   1.878E-08  1.0   9.93500
   2.173E-08  3.5  11.52800
   2.173E-08  3.0  10.88400
   2.851E-08  6.0  10.60900
   1.300E-05  5.0   8.45300
   2.800E-05  1.0   5.78770
   3.500E-05  8.0  11.95100
   8.000E-05  7.0  13.33800
   1.100E-04  6.0   8.77760
   1.400E-04  2.0  13.88100
   3.000E-04  1.0  11.27000
   3.000E-04  2.0  10.27320
   4.400E-04  4.0  11.92800
   5.000E-04  4.0  11.09000
   9.000E-04  1.0  13.30750
   1.000E-03  2.0  13.06070
   1.000E-03  5.0   8.82000
   1.000E-03  3.0  12.25600
   1.000E-03  2.0  12.22100
   1.100E-03  0.0  11.55800
   2.000E-03  2.0   7.83340
   2.000E-03  0.0  16.73290
   2.100E-03  1.0   8.70800
   2.300E-03  1.0  13.17130
   3.000E-03  4.0   9.03100
   3.200E-03  3.0   9.11600
   3.400E-03  0.0   7.19100
   3.500E-03  0.0  13.92600
   4.500E-03  2.0  13.67600
   4.700E-03  2.0  14.12800
   6.400E-03  1.0  13.48400
   7.300E-03  6.0  14.76100
   7.700E-03  1.0  13.73600
   8.100E-03  4.0  13.96500
   8.200E-03  3.0   7.15630
   9.000E-03  2.0  13.58600
   9.500E-03  2.0  18.43000
   1.000E-02  7.0  18.00500
   1.100E-02  5.0  13.67700
   1.180E-02  2.0  14.15000
   1.200E-02  2.0  13.57300
   1.300E-02  2.0  10.84300
   1.400E-02  1.0  14.20000
   1.500E-02  5.0  14.45400
   1.510E-02  2.0   7.42190
   1.600E-02  4.0  10.55300
   1.600E-02  5.0  16.84700
   1.700E-02  0.0  13.64200
   1.800E-02  4.0  13.04800
   1.900E-02  0.0   6.72500
   1.900E-02  2.0  17.55000
   1.900E-02  1.0   8.85400
   2.400E-02  2.0  10.58400
   2.400E-02  1.0  13.50700
   2.400E-02  3.0  13.41400
   2.400E-02  4.0  11.02000
   2.400E-02  6.0  16.50500
   2.440E-02  0.0  12.43600
   2.500E-02  0.0  14.65300
   2.500E-02  5.0  16.71700
   2.600E-02  5.0  17.15500
   2.600E-02  4.0  13.34100
   2.900E-02  2.0   9.48300
   2.900E-02  7.0  18.12500
   3.000E-02  1.0  12.83600
   3.000E-02  1.0  11.98500
   3.300E-02  1.0  14.45500
   3.400E-02  4.0  15.33000
   3.400E-02  5.0  18.02400
   3.500E-02  2.0  16.43700
   3.600E-02  1.0  14.69900
   3.730E-02  3.0  12.40100
   3.800E-02  2.0  12.95700
   4.000E-02  2.0  11.32000
   4.000E-02  0.0  13.22200
   4.200E-02  2.0  14.11500
   4.500E-02  3.0  10.84000
   4.500E-02  3.0  14.31300
   4.500E-02  4.0  16.32900
   4.600E-02  2.0  11.88500
   4.800E-02  3.0  13.13700
   4.900E-02  5.0  13.42600
   5.300E-02  3.0  13.22600
   6.000E-02  6.0  15.15900
   6.000E-02  2.0  15.14200
   6.000E-02  4.0  14.73100
   6.000E-02  6.0  14.30400
   6.000E-02  9.0  21.06200
   6.100E-02  2.0  12.74300
   6.100E-02  2.0  13.52900
   6.500E-02  6.0  13.92800
   6.600E-02  2.0  15.04700
   6.800E-02  0.0  14.47500
   7.000E-02  1.0  14.02000
   7.200E-02  6.0  12.58500
   7.400E-02  2.0  13.90800
   7.600E-02  0.0  13.53000
   7.800E-02  9.0  20.68600
   7.900E-02  4.0  14.83900
   7.900E-02  0.0  13.94800
   8.000E-02  3.0  10.40600
   8.000E-02  6.0  20.02700
   8.000E-02  0.0  13.74400
   8.000E-02  3.0  16.62800
   8.000E-02  1.0  13.22400
   8.400E-02  5.0  12.71300
   8.600E-02  6.0  14.80700
   8.600E-02  6.0  17.54100
   8.600E-02  3.0  17.28400
   9.000E-02  3.0  15.43600
   9.000E-02  5.0  19.05100
   9.000E-02  5.0  16.55900
   9.200E-02  4.0  14.27000
   9.200E-02  7.0  16.58100
   1.000E-01  8.0  15.87400
   1.000E-01  2.0  14.88800
   1.000E-01  4.0  16.66700
   1.000E-01  2.0  16.01000
   1.020E-01  6.0  13.10500
   1.100E-01  7.0  15.36600
   1.100E-01  1.0  14.77600
   1.160E-01  1.0  14.59700
   1.170E-01  5.0  14.81600
   1.170E-01  6.0  14.31100
   1.200E-01  7.0  19.88400
   1.240E-01  2.0  12.47200
   1.250E-01  4.0  17.76900
   1.300E-01  4.0  19.99100
   1.300E-01  6.0  19.44300
   1.300E-01  5.0  18.49400
   1.350E-01  7.0  20.34400
   1.360E-01  3.0  13.82700
   1.380E-01  8.0  18.53800
   1.400E-01  2.0  14.06300
   1.400E-01  6.0  19.65500
   1.400E-01  6.0  19.28400
   1.400E-01  7.0  18.76800
   1.400E-01  6.0  18.74500
   1.400E-01  4.0  18.08300
   1.400E-01  5.0  17.60600
   1.450E-01  2.0  12.59200
   1.450E-01  5.0  10.26200
   1.550E-01  4.0  12.25300
   1.550E-01  4.0   9.99000
   1.600E-01  5.0  15.07300
   1.600E-01  8.0  16.74600
   1.620E-01  2.0  13.09500
   1.700E-01  5.0  20.80000
   1.700E-01  5.0  19.85900
   1.750E-01  1.0  13.86600
   1.750E-01  1.0  11.24000
   1.800E-01  4.0  17.07200
   1.850E-01  8.0  18.62100
   1.850E-01  7.0  18.43000
   1.900E-01  5.0  20.34100
   1.900E-01  7.0  20.10600
   1.900E-01  6.0  18.28600
   1.950E-01  1.0  13.46100
   2.000E-01  8.0  25.10000
   2.000E-01  9.0  23.70000
   2.000E-01  6.0  19.15000
   2.000E-01  8.0  18.96000
   2.000E-01  5.0  17.85100
   2.000E-01  8.0  17.29500
   2.150E-01  6.0  20.41900
   2.200E-01  9.0  17.43000
   2.250E-01  9.0  22.87000
   2.250E-01  4.0  17.21300
   2.300E-01  5.0  15.17400
   2.400E-01  7.0  20.76000
   2.500E-01  6.0  19.53600
   2.550E-01  7.0  20.29600
   2.600E-01  4.0  14.59300
   2.800E-01  5.0  20.46800
   2.850E-01  1.0  15.27000
   2.900E-01  6.0  20.16800
   3.000E-01  7.0  21.80000
   3.000E-01  7.0  21.30000
   3.000E-01  7.0  20.95000
   3.100E-01  7.0  13.69200
   3.300E-01  8.0  19.73100
   3.500E-01  4.0  10.80000
   3.500E-01  8.0  24.21000
   3.500E-01  6.0  16.87100
   3.600E-01  6.0  19.84500
   3.700E-01  6.0  20.44500
   3.900E-01  2.0  12.32700
   4.300E-01  7.0  19.29800
   5.000E-01  8.0  23.40000
   5.000E-01  9.0  22.80000
   5.000E-01  7.0  22.30000
   5.800E-01  0.0  11.00000
   7.000E-01  9.0  27.10000
   8.000E-01  0.0   8.70000
   8.000E-01  2.0   9.00000
 49, !21Ne               
   5.633E-12  0.5   2.78883
   6.435E-11  2.5   0.35073
   6.165E-09  0.5   7.21100
   7.019E-09  1.5   3.66367
   8.774E-09  3.5   1.74591
   1.113E-08  3.5   5.81900
   1.170E-08  4.5   2.86680
   1.629E-08  1.5   5.54900
   1.690E-08  2.5   3.88430
   1.901E-08  1.5   5.82200
   1.984E-08 10.5   4.43360
   2.173E-08  4.5   8.15400
   2.401E-08  4.5   6.03290
   3.042E-08  4.5   6.64000
   3.259E-08  4.5   6.55170
   3.259E-08  8.0   6.44760
   3.259E-08  4.5   6.26740
   3.510E-08  4.5   7.04230
   3.510E-08  1.5   5.99256
   3.802E-08  3.5   7.00640
   3.802E-08  2.0   5.77470
   4.148E-08  1.5   4.68450
   4.562E-08  2.5   3.73530
   4.562E-08  3.0   6.17380
   4.562E-08  7.5   8.24050
   4.562E-08  3.5   7.65300
   5.069E-08  2.0   6.60810
   5.703E-08  3.0   5.43080
   6.518E-08  3.5   5.33570
   6.518E-08  1.5   4.72536
   6.518E-08  2.5   4.52540
   6.518E-08  4.0   7.36000
   6.518E-08  3.5   5.62900
   7.604E-08  0.5   5.68977
   9.125E-08  0.5   2.79414
   1.000E-03  1.5  10.63110
   2.500E-03  2.0   8.85920
   6.000E-03  1.5   7.97900
   7.600E-03  0.5   9.14890
   8.000E-03  1.5   8.06500
   9.800E-03  1.5  10.91290
   1.000E-02  1.5   8.36000
   2.400E-02  1.5  13.80100
   2.700E-02  1.5   8.30300
   3.200E-02  0.5   8.00800
   3.800E-02  1.5   8.59100
   5.000E-02  1.5   8.78200
   5.400E-02  1.5   8.68000
   5.500E-02  1.5  16.05800
 24, !22Ne               
   1.243E-10  2.0   1.27454
   5.703E-10  2.0   5.14750
   2.028E-09  4.0   3.35720
   7.359E-09  2.0   7.40600
   9.125E-09  6.0   6.31140
   9.707E-09  4.0   7.42300
   1.304E-08  3.0   5.90990
   2.173E-08  2.0   5.36500
   2.401E-08  4.0   5.52320
   3.259E-08  2.5   6.63600
   3.259E-08  3.0   5.64130
   3.510E-08  2.0   6.11500
   4.562E-08  4.0   6.34520
   4.562E-08  2.0   4.45670
   4.148E-07  1.0   5.32620
   5.703E-07  2.0   7.64400
   1.933E-06  1.0   6.85340
   5.497E-06  1.0   9.17800
   1.141E-05  1.0  10.20600
   2.000E-03  0.0  10.28700
   3.000E-03  1.0  11.46600
   5.000E-03  5.0  10.75100
   1.000E-02  8.0  11.03200
   2.500E-02  1.0  10.92200
 11, !23Ne               
   2.563E-12  0.5   1.01700
   6.518E-09  1.5   3.43180
   6.518E-09  1.5   3.22066
   6.518E-09  1.5   1.82250
   6.518E-09  1.5   3.98820
   6.518E-09  0.5   3.83640
   6.518E-09  3.0   2.51700
   6.518E-09  2.5   3.83090
   6.518E-09  1.5   3.45820
   6.518E-09  2.5   2.31510
   6.518E-09  3.5   1.70151
 5, !24Ne               
   2.281E-14  4.0   3.96200
   2.281E-14  2.0   5.57600
   2.851E-10  0.0   4.76400
   6.913E-10  2.0   1.98160
   6.518E-09  2.0   3.86700
 23, !21Na               
   4.400E-12  0.5   2.79820
   5.000E-11  4.5   2.82940
   6.444E-11  2.5   0.33193
   1.629E-08  3.5   1.71600
   2.281E-07  0.5   2.42490
   2.600E-06  2.5   3.86310
   1.550E-05  2.5   3.54400
   1.930E-04  1.5   3.67970
   4.000E-04  1.5   5.81500
   1.200E-03  2.0   8.97300
   2.300E-03  0.5   9.22000
   3.930E-03  2.5   4.29400
   5.000E-03  3.0   6.09400
   2.000E-02  3.5   5.77000
   2.100E-02  1.5   4.46800
   2.500E-02  0.5   5.82800
   1.000E-01  1.5   6.90800
   1.100E-01  0.5   5.45700
   1.800E-01  1.5   4.17000
   2.000E-01  0.5   4.98000
   2.200E-01  1.5   6.51200
   3.000E-01  2.5   7.43200
   3.200E-01  0.5   7.19400
 74, !22Na               
   1.870E-15  1.0   0.58303
   6.612E-12  1.0   4.62170
   6.612E-12  2.0   4.58280
   2.364E-11  0.0   0.65700
   3.062E-11  1.0   2.21150
   4.655E-11  4.0   0.89089
   7.733E-11  3.0   4.77100
   8.608E-11  2.0   2.57150
   1.304E-10  0.0   4.29610
   1.342E-10  5.0   1.52806
   2.869E-10  3.0   1.98380
   9.833E-10  3.0   3.51920
   4.387E-09  4.0   4.46830
   6.003E-09  7.0   4.52380
   6.612E-09  6.0   3.70660
   1.201E-08  4.0   5.10060
   1.201E-08  5.0   4.71000
   1.426E-08  3.0   2.96870
   2.074E-08  2.0   3.05960
   2.684E-08  1.0   4.31900
   3.259E-08  2.0   5.06240
   3.510E-08  1.0   1.93690
   5.703E-08  2.0   1.95180
   9.311E-08  2.0   4.36000
   1.472E-07  1.5   5.60300
   1.573E-07  2.0   5.95900
   4.562E-07  2.0   5.17400
   6.518E-07  1.0   3.94350
   6.518E-07  2.0   5.31800
   1.000E-04  3.0   6.99700
   1.000E-04  1.5   7.07600
   2.000E-04  3.0   7.01500
   3.000E-04  3.0   7.23900
   4.000E-04  1.5   7.21900
   5.000E-04  2.5   8.03900
   5.000E-04  3.0   7.96400
   5.000E-04  3.5   7.88830
   5.000E-04  1.5   7.82020
   5.000E-04  3.0   7.68200
   5.000E-04  2.5   7.63500
   5.000E-04  4.0   7.57260
   5.000E-04  2.5   7.37750
   5.000E-04  2.0   7.37100
   5.000E-04  1.5   7.27700
   5.000E-04  3.5   7.15100
   6.000E-04  1.5   7.60400
   6.000E-04  2.0   7.54620
   6.000E-04  3.0   8.19600
   1.000E-03  4.0   8.01700
   1.000E-03  3.5   7.35900
   1.200E-03  2.0   6.85900
   1.500E-03  3.5   8.10600
   1.500E-03  1.5   7.40000
   1.500E-03  5.0   7.27800
   1.900E-03  2.0   7.59900
   2.400E-03  1.5   7.79980
   2.500E-03  2.0   7.42200
   2.700E-03  1.5   8.32700
   2.800E-03  2.0   7.77730
   3.100E-03  3.0   8.11300
   3.200E-03  1.5   7.40790
   3.800E-03  1.5   8.10000
   4.000E-03  2.0   7.47090
   4.500E-03  1.5   8.28600
   5.100E-03  1.5   8.21000
   5.400E-03  1.5   8.43400
   1.000E-02  1.0   7.97600
   1.100E-02  1.5   8.63500
   1.100E-02  1.5   8.23200
   1.120E-02  1.5   8.60000
   1.320E-02  1.5   8.53600
   1.700E-02  2.0   7.91800
   2.250E-02  3.0   8.16400
   4.400E-02  1.5   8.49500
 71, !23Na               
   4.110E-10  2.5   0.43999
   8.295E-10  0.5   2.39073
   5.126E-09  2.5   3.84807
   6.003E-09  4.5   2.70350
   6.518E-09  2.5   6.19460
   6.810E-09  0.5   2.63986
   1.201E-08  6.5   6.11500
   1.304E-08  3.5   7.41240
   1.521E-08  1.5   6.94740
   1.755E-08  4.5   6.35450
   1.755E-08  3.5   2.07601
   1.901E-08  1.5   3.67760
   2.173E-08  1.5   8.41743
   2.281E-08  3.5   8.94500
   3.042E-08  8.0   6.23600
   3.510E-08  3.5   5.92680
   3.802E-08  2.5   7.87620
   4.148E-08  3.0   6.57779
   4.148E-08  1.5   5.96440
   5.069E-08  3.0   7.27710
   5.069E-08 10.5   5.53400
   5.497E-08  2.5   3.91424
   5.703E-08  2.5   6.81960
   7.359E-08  3.5   6.04219
   7.604E-08  2.0   6.86770
   1.521E-07  1.5   2.98206
   1.521E-07  2.0   7.87283
   1.521E-07  3.0   7.83413
   1.521E-07  1.0   7.48784
   1.521E-07  2.5   7.45150
   3.259E-07  3.5   4.77461
   6.518E-07  3.0   6.61790
   8.774E-07  1.5   6.73550
   1.099E-06  1.5   5.76603
   1.322E-06  2.5   5.74180
   1.825E-06  1.5   7.08190
   1.984E-06  2.0   7.13320
   2.173E-06  0.5   4.42963
   2.173E-06  0.5   8.82950
   2.607E-06  2.5   5.37856
   2.943E-06  2.5   7.89120
   3.802E-06  0.5   8.66380
   4.000E-06  2.5  10.23120
   6.000E-06  1.5   9.60808
   8.000E-06  2.5  10.34570
   2.500E-05  2.5  10.44010
   2.900E-05  1.5   9.70070
   4.700E-05  1.5   9.83520
   6.500E-05  2.5  10.16927
   6.500E-05  0.5   9.40470
   6.900E-05  2.5  10.01640
   1.000E-04  2.5  10.51860
   1.050E-04  0.5   9.65550
   1.160E-04  3.0  12.55680
   1.500E-04  0.5   9.84970
   1.900E-04  0.5  10.33830
   2.100E-04  1.5  10.35340
   4.000E-04  1.5  10.70400
   4.250E-04  2.0  10.61640
   4.700E-04  1.5  10.47840
   4.750E-04  0.5  10.00300
   5.400E-04  2.5  10.54880
   5.600E-04  0.5  10.50740
   9.200E-04  1.5  10.50140
   1.100E-03  1.5  10.57410
   1.270E-03  0.5  10.08477
   1.900E-03  2.5  19.58600
   2.000E-03  1.5  10.31760
   2.450E-03  0.5  10.24340
   4.200E-03  0.5  10.11450
   2.300E-02  1.5  10.67500
 51, !24Na               
   2.259E-20  1.0   0.47221
   1.267E-11  2.0   0.56320
   1.037E-10  1.0   1.34663
   2.535E-09  2.0   1.84601
   6.518E-09  0.0   4.04849
   7.604E-09  2.0   1.34143
   9.125E-09  4.0   4.89135
   9.125E-09  1.0   5.47896
   9.125E-09  3.0   5.25000
   9.125E-09  2.0   5.05972
   1.304E-08  2.0   4.44154
   1.304E-08  3.0   2.90394
   1.521E-08  2.0   5.04490
   1.690E-08  5.0   1.51240
   1.755E-08  3.0   1.34465
   1.755E-08  3.0   1.88551
   1.984E-08  2.0   4.20719
   2.281E-08  4.0   4.14500
   2.684E-08  2.0   2.97783
   2.684E-08  4.0   2.56280
   2.684E-08  2.0   3.93570
   2.684E-08  3.0   3.74509
   3.042E-08  4.0   3.21670
   3.259E-08  1.0   3.41325
   3.259E-08  2.0   4.18680
   3.259E-08  1.5   3.97732
   3.259E-08  4.0   3.94339
   3.259E-08  0.0   3.68179
   3.259E-08  2.0   5.62840
   3.259E-08  2.0   5.33906
   3.259E-08  2.0   3.65597
   3.259E-08  3.0   3.62825
   3.510E-08  2.0   3.37184
   4.562E-08  1.0   4.56206
   4.562E-08  1.5   4.19630
   4.562E-08  3.0   2.51351
   6.518E-08  0.0   5.96620
   6.518E-08  3.0   5.19244
   7.604E-08  1.0   3.58926
   1.300E-06  3.0   6.99337
   3.000E-04  1.0   7.24610
   4.110E-04  1.0   6.96221
   1.800E-03  0.0   7.19230
   2.000E-03  2.0   7.24560
   2.600E-03  1.0   7.32760
   5.500E-03  2.0   7.18700
   7.800E-03  0.0   7.37270
   9.000E-03  2.0   7.38630
   2.600E-02  1.0   7.53230
   2.600E-02  1.0   7.33670
   4.500E-02  3.0   7.65550
 9, !25Na               
   8.946E-14  1.5   0.08953
   3.456E-10  0.5   1.06932
   2.607E-09  2.5   2.78800
   3.259E-09  3.5   2.41700
   1.472E-08  0.5   3.99500
   1.825E-08  1.5   2.20200
   2.535E-08  1.5   3.68700
   2.851E-08  2.5   3.35300
   4.562E-08  2.5   2.91400
 10, !22Mg               
   2.684E-14  2.0   5.31700
   2.684E-14  5.0   5.83700
   2.684E-14  2.0   5.00600
   6.612E-12  2.0   5.03700
   6.612E-12  3.0   5.46400
   2.173E-10  2.0   1.24630
   2.270E-09  4.0   3.30820
   1.037E-08  2.5   5.29200
   1.629E-08  2.0   5.71390
   2.173E-08  2.0   4.40090
 9, !23Mg               
   3.259E-14  1.5   3.80000
   3.259E-14  0.5   4.35400
   3.259E-14  2.5   3.97400
   3.650E-10  2.5   0.45070
   7.935E-10  0.5   2.35900
   4.148E-09  0.5   2.77100
   4.803E-09  4.5   2.71500
   2.281E-08  3.5   2.05100
   2.684E-08  2.0   2.90800
 132, !24Mg               
   3.380E-10  2.0   1.36867
   4.854E-10  3.0   7.61647
   1.690E-09  1.0   7.55530
   2.200E-09  2.0  11.20800
   2.607E-09  3.5   9.29980
   6.426E-09  3.0   5.23520
   6.913E-09  0.0   6.43250
   7.359E-09  5.0  10.02790
   7.359E-09  7.0  11.86000
   7.733E-09  3.0   8.35810
   7.866E-09  4.0   6.01032
   9.311E-09  2.0   4.23836
   1.901E-08  4.0   4.12287
   2.281E-08  3.0  11.29300
   2.684E-08  4.5   7.81220
   3.042E-08  3.0  11.59500
   3.259E-08  1.0   7.74770
   4.148E-08  6.0   9.52800
   4.148E-08  7.0  12.44100
   4.562E-08  1.0   8.43840
   4.562E-08  4.0   9.51621
   4.562E-08  2.0   9.28440
   4.562E-08  2.0   8.65490
   5.069E-08  5.0  10.57598
   6.003E-08  2.0   9.00350
   6.518E-08  2.0   7.34905
   6.518E-08  4.0   9.30095
   6.518E-08  2.0  10.73110
   6.518E-08  2.0   8.86450
   6.518E-08  8.0  16.90400
   9.125E-08  4.0   8.43930
   1.141E-07  2.5   9.45780
   1.141E-07  8.0  14.15200
   1.304E-07  6.0   8.11300
   1.521E-07  1.5  10.05910
   2.281E-07  3.5  10.58126
   2.281E-07  3.5  10.66017
   3.042E-07  2.0  10.36070
   6.000E-07  3.0  11.16200
   7.800E-07  4.0  11.21669
   1.000E-06  2.0  11.45280
   1.400E-06  2.0  11.01600
   1.600E-06  4.0  11.69500
   1.601E-06  1.0   9.82840
   2.300E-06  0.0  10.67970
   6.612E-06  1.0   9.96780
   7.500E-06  2.0  10.91720
   2.000E-05  4.0  12.04940
   2.000E-05  2.0  11.98800
   2.000E-05  3.0  11.93120
   3.000E-05  4.0  12.63680
   5.000E-05  1.5  12.18140
   6.000E-05  2.0  12.25790
   7.000E-05  3.0  12.33910
   9.000E-05  3.0  12.39870
   9.000E-05  4.0  13.05022
   1.000E-04  2.0  12.40330
   2.000E-04  3.0  12.84500
   3.200E-04  2.0  12.85030
   3.300E-04  1.0  12.89320
   4.000E-04  2.5  13.44490
   5.000E-04  2.0  11.51900
   5.000E-04  1.0  11.39000
   5.000E-04  0.0  15.43640
   7.000E-04  3.0  12.01520
   8.000E-04  2.0  13.02790
   9.000E-04  4.0  12.16100
   9.000E-04  3.0  12.65890
   1.000E-03  6.0  14.08200
   1.000E-03  6.0  13.85200
   1.000E-03  6.0  12.00200
   1.000E-03  3.0  13.47300
   1.000E-03  6.0  13.43600
   1.000E-03  5.0  13.05500
   1.000E-03  0.0  11.45700
   1.000E-03  6.0  12.86100
   1.000E-03  0.0  12.85200
   1.000E-03  4.0  14.32700
   1.200E-03  3.0  12.25750
   1.200E-03  3.0  13.34380
   1.400E-03  3.0  14.09900
   1.500E-03  1.0  13.63070
   1.600E-03  5.0  13.36500
   1.700E-03  2.0  12.80590
   1.800E-03  4.0  14.14800
   1.900E-03  5.0  13.77000
   1.900E-03  4.0  12.11710
   2.000E-03  2.0  13.98200
   2.000E-03  1.0  13.87900
   2.000E-03  1.0  13.27360
   2.100E-03  2.0  13.45110
   2.300E-03  2.0  11.96470
   2.300E-03  4.0  12.50400
   2.500E-03  1.0  12.95490
   2.600E-03  2.0  13.72000
   2.700E-03  0.0  13.19800
   2.800E-03  0.0  13.04100
   2.800E-03  1.0  12.81590
   3.000E-03  2.0  13.93300
   3.200E-03  2.0  12.96190
   3.300E-03  4.0  12.97200
   3.800E-03  2.0  12.46700
   4.000E-03  2.0  12.66990
   4.500E-03  3.0  13.42280
   4.500E-03  2.0  13.41740
   5.400E-03  2.0  13.67550
   5.400E-03  2.0  13.13700
   5.500E-03  1.0  14.07800
   5.700E-03  1.0  12.44700
   6.000E-03  1.0  13.26680
   6.200E-03  2.0  12.57700
   6.700E-03  3.0  12.91970
   6.900E-03  2.0  13.54040
   7.000E-03  2.0  14.02400
   7.000E-03  0.0  12.38300
   7.000E-03  1.0  11.86400
   7.500E-03  1.0  12.52650
   8.000E-03  1.0  13.94600
   8.000E-03  1.0  13.58530
   8.100E-03  2.0  12.73710
   8.500E-03  3.0  14.01700
   9.000E-03  2.0  13.35310
   9.000E-03  3.0  13.08680
   1.000E-02  0.0  11.72700
   2.100E-02  1.0  13.58100
   2.300E-02  2.0  13.68200
   2.400E-02  1.0  13.81000
   3.000E-02  2.0  13.82000
   3.100E-02  1.0  13.33200
   3.100E-02  2.0  12.77600
   3.600E-02  1.0  13.25300
   4.800E-02  2.0  13.88400
 82, !25Mg               
   1.350E-13  0.5   0.58504
   4.038E-11  1.5   0.97474
   2.684E-10 11.5   5.46170
   6.518E-10  2.5   1.96461
   1.659E-09  3.5   2.73770
   4.562E-09  7.0   6.88300
   8.608E-09  4.5   4.05960
   1.141E-08  2.5   6.67800
   1.233E-08  3.5   5.79310
   1.521E-08  3.5   7.83800
   1.521E-08  2.5   7.18100
   1.521E-08  2.0   6.83200
   1.521E-08  8.0   8.01100
   1.629E-08  1.5   2.80147
   1.755E-08  4.5   4.71140
   2.173E-08 10.5   7.49300
   2.281E-08  4.5   7.65300
   2.281E-08  8.0   7.55100
   2.281E-08  2.5   7.03800
   2.401E-08  3.5   3.97070
   2.684E-08  6.0   8.88800
   3.042E-08  3.5   1.61177
   3.259E-08  3.5   7.96100
   3.259E-08 10.5   5.25130
   3.802E-08  7.0   7.86600
   3.802E-08  4.5   7.80100
   4.148E-08  1.5   3.41397
   4.562E-08  3.0   7.52500
   4.562E-08  2.5   7.50030
   4.562E-08  0.5   2.56380
   4.562E-08  3.5   8.65600
   4.562E-08  7.0   8.53200
   4.562E-08  4.0   8.26700
   6.426E-08  4.5   3.40520
   6.518E-08  1.5   6.16900
   6.518E-08  2.5   6.08200
   6.518E-08  7.0   6.04120
   6.518E-08  1.5   4.35940
   6.518E-08  3.5   5.97800
   6.518E-08  4.5   5.97160
   6.518E-08  2.5   5.86000
   6.518E-08  0.5   4.27680
   6.518E-08  3.5   7.28500
   6.518E-08  2.0   7.22600
   6.518E-08  2.5   5.52090
   6.518E-08  2.0   7.08800
   6.518E-08  0.5   5.47480
   6.518E-08  2.5   6.95800
   6.518E-08  2.5   6.91300
   6.518E-08  2.5   3.90770
   6.518E-08  0.5   6.77700
   6.518E-08  0.5   5.11630
   6.518E-08  1.0   6.57000
   6.518E-08  3.5   5.01220
   6.518E-08  1.5   6.46800
   6.518E-08  4.5   6.43400
   6.518E-08  2.5   4.72200
   6.518E-08  1.5   6.36200
   7.604E-08 10.5   5.53360
   9.125E-08  6.0   9.01300
   9.125E-08 10.5   8.55100
   7.866E-07  2.0   5.74700
   1.800E-06  1.5   7.37520
   1.300E-05  1.5   7.86370
   1.300E-05  2.5   7.78690
   5.300E-04  1.5   7.80880
   9.000E-04  0.5   7.94670
   1.250E-03  2.5   8.31130
   1.800E-03  2.5   8.55880
   4.200E-03  0.5   8.83460
   4.200E-03  1.5   8.56950
   7.200E-03  1.5   7.41090
   8.400E-03  1.5   8.57950
   9.600E-03  2.5   8.97080
   1.000E-02  0.5   8.32420
   1.000E-02  0.5   7.96370
   1.300E-02  1.5   8.14080
   1.500E-02  1.5   8.86910
   2.000E-02  0.5   8.36260
   3.100E-02  1.5   7.74390
   3.500E-02  0.5   8.89410
   7.800E-02  0.5   7.58600
 52, !26Mg               
   7.084E-11  0.0   3.58880
   5.368E-10  3.0   3.94080
   9.585E-10  2.0   1.80872
   1.037E-09  0.0   4.97200
   1.677E-09  4.0   4.31840
   3.236E-09  2.0   2.93841
   4.345E-09  3.0   4.35000
   5.368E-09  3.0   6.87750
   6.518E-09  4.0   5.71550
   8.774E-09  0.0   6.25600
   1.233E-08  6.0   9.82900
   1.573E-08  4.0   4.90030
   1.573E-08  5.0   8.62500
   1.629E-08  2.0   4.83430
   1.755E-08  6.0   9.16900
   1.901E-08  4.0   7.28150
   2.173E-08  4.0   5.47370
   2.173E-08  6.0  10.65000
   2.281E-08  2.0   4.33220
   2.401E-08  4.0   6.62200
   2.851E-08  2.0   6.74500
   3.259E-08  5.0   7.95300
   3.259E-08  3.0   6.12500
   3.259E-08  5.0   7.39500
   3.259E-08  2.0   7.10000
   3.259E-08  5.0   6.97800
   3.259E-08  5.0   9.54100
   3.259E-08  6.0   8.47200
   3.259E-08  6.0   8.20100
   4.562E-08  3.5   7.67700
   4.562E-08  2.0   5.29080
   4.562E-08  6.0   9.11100
   5.703E-08  1.0   5.68980
   6.518E-08  3.0   7.77300
   6.518E-08  2.5   7.54290
   6.518E-08  2.5   7.26130
   6.518E-08  3.0   7.24200
   6.518E-08  6.0   9.98900
   6.518E-08  1.0   7.06300
   6.518E-08  6.0   9.38300
   6.518E-08  5.0   9.06400
   6.518E-08  4.0   8.67000
   6.518E-08  2.0   6.63400
   4.562E-07  1.5   8.22900
   7.242E-07  1.0   9.56000
   7.866E-07  1.0  10.31900
   1.342E-06  1.0   9.23900
   4.148E-06  1.0  10.14800
   6.083E-06  1.0  10.64600
   1.800E-03  2.0  11.11200
   7.600E-03  2.0  11.16330
   1.000E-02  2.0  11.19450
 24, !27Mg               
   4.655E-10  2.5   1.69800
   4.655E-10  1.5   0.98466
   6.003E-10  2.5   1.94000
   9.125E-10  3.5   3.88400
   1.086E-09  3.5   3.76040
   6.612E-09  3.0   3.42690
   6.612E-09  2.5   3.10940
   1.014E-08  2.5   4.39820
   1.629E-08  0.5   5.02800
   1.901E-08  2.5   4.77610
   2.684E-08  2.0   5.76400
   2.684E-08  1.5   3.78590
   2.684E-08  2.0   5.37200
   4.562E-08  2.0   4.55280
   4.562E-08  2.0   3.49070
   4.562E-08  2.0   5.17200
   6.518E-08  2.0   5.82100
   6.518E-08  2.0   4.14980
   6.518E-08  0.5   3.47550
   6.518E-08  2.0   5.62700
   6.518E-08  1.5   5.42200
   6.518E-08  2.5   4.99230
   6.518E-08  1.0   4.82730
   6.518E-08  1.5   3.55950
 9, !28Mg               
   3.802E-10  2.0   1.47340
   8.295E-10  0.0   3.86270
   2.173E-09  0.0   5.70230
   3.802E-09  3.0   5.17180
   4.345E-09  4.0   4.02020
   4.562E-09  1.0   5.27170
   5.703E-09  2.0   4.87860
   1.521E-08  2.0   4.55700
   2.281E-08  1.0   5.19270
